NPs	coresize	hydrosize	surfcharge	surfarea	Hsf	Ec	Ev	MeO	Cellline	Celltype	Expotime	dosage	enthalpy	ratio	e	esum	esumbyo	MW	NMetal	NOxygen	ox	viability	class
Al2O3	39.7	267	36.3	64.7	-17.345	-1.51	-9.81	5.67	HCMEC	Normal	24	0.001	1187.83	5.556	1.61	3.22	1.073	101.96	2	3	3	92.5258	nonToxic
Al2O3	39.7	267	36.3	64.7	-17.345	-1.51	-9.81	5.67	HCMEC	Normal	24	0.01	1187.83	5.556	1.61	3.22	1.073	101.96	2	3	3	96.134	nonToxic
Al2O3	39.7	267	36.3	64.7	-17.345	-1.51	-9.81	5.67	HCMEC	Normal	24	0.1	1187.83	5.556	1.61	3.22	1.073	101.96	2	3	3	93.5567	nonToxic
Al2O3	39.7	267	36.3	64.7	-17.345	-1.51	-9.81	5.67	HCMEC	Normal	24	1	1187.83	5.556	1.61	3.22	1.073	101.96	2	3	3	97.6804	nonToxic
Al2O3	39.7	267	36.3	64.7	-17.345	-1.51	-9.81	5.67	HCMEC	Normal	24	5	1187.83	5.556	1.61	3.22	1.073	101.96	2	3	3	94.8454	nonToxic
Al2O3	39.7	267	36.3	64.7	-17.345	-1.51	-9.81	5.67	HCMEC	Normal	24	10	1187.83	5.556	1.61	3.22	1.073	101.96	2	3	3	96.3918	nonToxic
Al2O3	39.7	267	36.3	64.7	-17.345	-1.51	-9.81	5.67	HCMEC	Normal	24	20	1187.83	5.556	1.61	3.22	1.073	101.96	2	3	3	92.268	nonToxic
Al2O3	39.7	267	36.3	64.7	-17.345	-1.51	-9.81	5.67	HCMEC	Normal	24	50	1187.83	5.556	1.61	3.22	1.073	101.96	2	3	3	92.268	nonToxic
Al2O3	39.7	267	36.3	64.7	-17.345	-1.51	-9.81	5.67	HCMEC	Normal	24	100	1187.83	5.556	1.61	3.22	1.073	101.96	2	3	3	82.732	nonToxic
Al2O3	39.7	267	36.3	64.7	-17.345	-1.51	-9.81	5.67	HCMEC	Normal	12	0.001	1187.83	5.556	1.61	3.22	1.073	101.96	2	3	3	95.6897	nonToxic
Al2O3	39.7	267	36.3	64.7	-17.345	-1.51	-9.81	5.67	HCMEC	Normal	12	0.01	1187.83	5.556	1.61	3.22	1.073	101.96	2	3	3	94.4828	nonToxic
Al2O3	39.7	267	36.3	64.7	-17.345	-1.51	-9.81	5.67	HCMEC	Normal	12	0.1	1187.83	5.556	1.61	3.22	1.073	101.96	2	3	3	96.8966	nonToxic
Al2O3	39.7	267	36.3	64.7	-17.345	-1.51	-9.81	5.67	HCMEC	Normal	12	1	1187.83	5.556	1.61	3.22	1.073	101.96	2	3	3	99.4828	nonToxic
Al2O3	39.7	267	36.3	64.7	-17.345	-1.51	-9.81	5.67	HCMEC	Normal	12	5	1187.83	5.556	1.61	3.22	1.073	101.96	2	3	3	94.6552	nonToxic
Al2O3	39.7	267	36.3	64.7	-17.345	-1.51	-9.81	5.67	HCMEC	Normal	12	10	1187.83	5.556	1.61	3.22	1.073	101.96	2	3	3	95.431	nonToxic
Al2O3	39.7	267	36.3	64.7	-17.345	-1.51	-9.81	5.67	HCMEC	Normal	12	20	1187.83	5.556	1.61	3.22	1.073	101.96	2	3	3	94.3966	nonToxic
Al2O3	39.7	267	36.3	64.7	-17.345	-1.51	-9.81	5.67	HCMEC	Normal	12	50	1187.83	5.556	1.61	3.22	1.073	101.96	2	3	3	96.4655	nonToxic
Al2O3	39.7	267	36.3	64.7	-17.345	-1.51	-9.81	5.67	HCMEC	Normal	12	100	1187.83	5.556	1.61	3.22	1.073	101.96	2	3	3	91.0345	nonToxic
CuO	46.3	239	42.8	24.1	-1.609	-5.17	-6.51	5.87	HCMEC	Normal	24	0.001	713.74	2.74	1.9	1.9	1.9	79.546	1	1	2	96.134	nonToxic
CuO	46.3	239	42.8	24.1	-1.609	-5.17	-6.51	5.87	HCMEC	Normal	24	0.01	713.74	2.74	1.9	1.9	1.9	79.546	1	1	2	100	nonToxic
CuO	46.3	239	42.8	24.1	-1.609	-5.17	-6.51	5.87	HCMEC	Normal	24	0.1	713.74	2.74	1.9	1.9	1.9	79.546	1	1	2	95.3608	nonToxic
CuO	46.3	239	42.8	24.1	-1.609	-5.17	-6.51	5.87	HCMEC	Normal	24	1	713.74	2.74	1.9	1.9	1.9	79.546	1	1	2	96.6495	nonToxic
CuO	46.3	239	42.8	24.1	-1.609	-5.17	-6.51	5.87	HCMEC	Normal	24	5	713.74	2.74	1.9	1.9	1.9	79.546	1	1	2	74.7423	nonToxic
CuO	46.3	239	42.8	24.1	-1.609	-5.17	-6.51	5.87	HCMEC	Normal	24	10	713.74	2.74	1.9	1.9	1.9	79.546	1	1	2	43.299	Toxic
CuO	46.3	239	42.8	24.1	-1.609	-5.17	-6.51	5.87	HCMEC	Normal	24	20	713.74	2.74	1.9	1.9	1.9	79.546	1	1	2	15.2062	Toxic
CuO	46.3	239	42.8	24.1	-1.609	-5.17	-6.51	5.87	HCMEC	Normal	24	50	713.74	2.74	1.9	1.9	1.9	79.546	1	1	2	13.6598	Toxic
CuO	46.3	239	42.8	24.1	-1.609	-5.17	-6.51	5.87	HCMEC	Normal	24	100	713.74	2.74	1.9	1.9	1.9	79.546	1	1	2	13.6598	Toxic
CuO	46.3	239	42.8	24.1	-1.609	-5.17	-6.51	5.87	HCMEC	Normal	12	0.001	713.74	2.74	1.9	1.9	1.9	79.546	1	1	2	96.9828	nonToxic
CuO	46.3	239	42.8	24.1	-1.609	-5.17	-6.51	5.87	HCMEC	Normal	12	0.01	713.74	2.74	1.9	1.9	1.9	79.546	1	1	2	94.6552	nonToxic
CuO	46.3	239	42.8	24.1	-1.609	-5.17	-6.51	5.87	HCMEC	Normal	12	0.1	713.74	2.74	1.9	1.9	1.9	79.546	1	1	2	95.431	nonToxic
CuO	46.3	239	42.8	24.1	-1.609	-5.17	-6.51	5.87	HCMEC	Normal	12	1	713.74	2.74	1.9	1.9	1.9	79.546	1	1	2	98.2759	nonToxic
CuO	46.3	239	42.8	24.1	-1.609	-5.17	-6.51	5.87	HCMEC	Normal	12	5	713.74	2.74	1.9	1.9	1.9	79.546	1	1	2	82.2414	nonToxic
CuO	46.3	239	42.8	24.1	-1.609	-5.17	-6.51	5.87	HCMEC	Normal	12	10	713.74	2.74	1.9	1.9	1.9	79.546	1	1	2	62.3276	nonToxic
CuO	46.3	239	42.8	24.1	-1.609	-5.17	-6.51	5.87	HCMEC	Normal	12	20	713.74	2.74	1.9	1.9	1.9	79.546	1	1	2	44.4828	Toxic
CuO	46.3	239	42.8	24.1	-1.609	-5.17	-6.51	5.87	HCMEC	Normal	12	50	713.74	2.74	1.9	1.9	1.9	79.546	1	1	2	15.7759	Toxic
CuO	46.3	239	42.8	24.1	-1.609	-5.17	-6.51	5.87	HCMEC	Normal	12	100	713.74	2.74	1.9	1.9	1.9	79.546	1	1	2	13.9655	Toxic
Fe2O3	42.5	957	-8.2	82.8	-8.512	-4.99	-6.99	5.98	HCMEC	Normal	24	0.001	1363.4	5.455	1.83	3.66	1.22	159.6	2	3	3	96.8912	nonToxic
Fe2O3	42.5	957	-8.2	82.8	-8.512	-4.99	-6.99	5.98	HCMEC	Normal	24	0.01	1363.4	5.455	1.83	3.66	1.22	159.6	2	3	3	98.1865	nonToxic
Fe2O3	42.5	957	-8.2	82.8	-8.512	-4.99	-6.99	5.98	HCMEC	Normal	24	0.1	1363.4	5.455	1.83	3.66	1.22	159.6	2	3	3	100.2591	nonToxic
Fe2O3	42.5	957	-8.2	82.8	-8.512	-4.99	-6.99	5.98	HCMEC	Normal	24	1	1363.4	5.455	1.83	3.66	1.22	159.6	2	3	3	95.8549	nonToxic
Fe2O3	42.5	957	-8.2	82.8	-8.512	-4.99	-6.99	5.98	HCMEC	Normal	24	5	1363.4	5.455	1.83	3.66	1.22	159.6	2	3	3	90.9326	nonToxic
Fe2O3	42.5	957	-8.2	82.8	-8.512	-4.99	-6.99	5.98	HCMEC	Normal	24	10	1363.4	5.455	1.83	3.66	1.22	159.6	2	3	3	90.9326	nonToxic
Fe2O3	42.5	957	-8.2	82.8	-8.512	-4.99	-6.99	5.98	HCMEC	Normal	24	20	1363.4	5.455	1.83	3.66	1.22	159.6	2	3	3	94.3005	nonToxic
Fe2O3	42.5	957	-8.2	82.8	-8.512	-4.99	-6.99	5.98	HCMEC	Normal	24	50	1363.4	5.455	1.83	3.66	1.22	159.6	2	3	3	94.5596	nonToxic
Fe2O3	42.5	957	-8.2	82.8	-8.512	-4.99	-6.99	5.98	HCMEC	Normal	24	100	1363.4	5.455	1.83	3.66	1.22	159.6	2	3	3	91.9689	nonToxic
Fe2O3	42.5	957	-8.2	82.8	-8.512	-4.99	-6.99	5.98	HCMEC	Normal	12	0.001	1363.4	5.455	1.83	3.66	1.22	159.6	2	3	3	96.6234	nonToxic
Fe2O3	42.5	957	-8.2	82.8	-8.512	-4.99	-6.99	5.98	HCMEC	Normal	12	0.01	1363.4	5.455	1.83	3.66	1.22	159.6	2	3	3	96.3636	nonToxic
Fe2O3	42.5	957	-8.2	82.8	-8.512	-4.99	-6.99	5.98	HCMEC	Normal	12	0.1	1363.4	5.455	1.83	3.66	1.22	159.6	2	3	3	98.7013	nonToxic
Fe2O3	42.5	957	-8.2	82.8	-8.512	-4.99	-6.99	5.98	HCMEC	Normal	12	1	1363.4	5.455	1.83	3.66	1.22	159.6	2	3	3	98.7013	nonToxic
Fe2O3	42.5	957	-8.2	82.8	-8.512	-4.99	-6.99	5.98	HCMEC	Normal	12	5	1363.4	5.455	1.83	3.66	1.22	159.6	2	3	3	100.7792	nonToxic
Fe2O3	42.5	957	-8.2	82.8	-8.512	-4.99	-6.99	5.98	HCMEC	Normal	12	10	1363.4	5.455	1.83	3.66	1.22	159.6	2	3	3	100.4329	nonToxic
Fe2O3	42.5	957	-8.2	82.8	-8.512	-4.99	-6.99	5.98	HCMEC	Normal	12	20	1363.4	5.455	1.83	3.66	1.22	159.6	2	3	3	98.7013	nonToxic
Fe2O3	42.5	957	-8.2	82.8	-8.512	-4.99	-6.99	5.98	HCMEC	Normal	12	50	1363.4	5.455	1.83	3.66	1.22	159.6	2	3	3	99.7403	nonToxic
Fe2O3	42.5	957	-8.2	82.8	-8.512	-4.99	-6.99	5.98	HCMEC	Normal	12	100	1363.4	5.455	1.83	3.66	1.22	159.6	2	3	3	98.0087	nonToxic
TiO2	25	504.5	-10.7	210	-9.779	-4.16	-7.49	5.77	SHSY5Y	Cancer	24	0.00001	1575.73	6.557	1.54	1.54	0.77	79.86	1	2	4	100	nonToxic
TiO2	25	504.5	-10.7	210	-9.779	-4.16	-7.49	5.77	SHSY5Y	Cancer	24	20	1575.73	6.557	1.54	1.54	0.77	79.86	1	2	4	90	nonToxic
TiO2	25	504.5	-10.7	210	-9.779	-4.16	-7.49	5.77	SHSY5Y	Cancer	24	40	1575.73	6.557	1.54	1.54	0.77	79.86	1	2	4	122.2222	nonToxic
TiO2	25	504.5	-10.7	210	-9.779	-4.16	-7.49	5.77	SHSY5Y	Cancer	24	60	1575.73	6.557	1.54	1.54	0.77	79.86	1	2	4	111.1111	nonToxic
TiO2	25	504.5	-10.7	210	-9.779	-4.16	-7.49	5.77	SHSY5Y	Cancer	24	80	1575.73	6.557	1.54	1.54	0.77	79.86	1	2	4	127.7778	nonToxic
TiO2	25	504.5	-10.7	210	-9.779	-4.16	-7.49	5.77	SHSY5Y	Cancer	24	100	1575.73	6.557	1.54	1.54	0.77	79.86	1	2	4	142.2222	nonToxic
TiO2	25	504.5	-10.7	210	-9.779	-4.16	-7.49	5.77	SHSY5Y	Cancer	24	120	1575.73	6.557	1.54	1.54	0.77	79.86	1	2	4	115.5556	nonToxic
TiO2	25	504.5	-10.7	210	-9.779	-4.16	-7.49	5.77	SHSY5Y	Cancer	24	150	1575.73	6.557	1.54	1.54	0.77	79.86	1	2	4	151.1111	nonToxic
TiO2	25	504.5	-10.7	210	-9.779	-4.16	-7.49	5.77	SHSY5Y	Cancer	6	0.00001	1575.73	6.557	1.54	1.54	0.77	79.86	1	2	4	100	nonToxic
TiO2	25	504.5	-10.7	210	-9.779	-4.16	-7.49	5.77	SHSY5Y	Cancer	6	20	1575.73	6.557	1.54	1.54	0.77	79.86	1	2	4	116.6667	nonToxic
TiO2	25	504.5	-10.7	210	-9.779	-4.16	-7.49	5.77	SHSY5Y	Cancer	6	40	1575.73	6.557	1.54	1.54	0.77	79.86	1	2	4	110	nonToxic
TiO2	25	504.5	-10.7	210	-9.779	-4.16	-7.49	5.77	SHSY5Y	Cancer	6	60	1575.73	6.557	1.54	1.54	0.77	79.86	1	2	4	104.4444	nonToxic
TiO2	25	504.5	-10.7	210	-9.779	-4.16	-7.49	5.77	SHSY5Y	Cancer	6	80	1575.73	6.557	1.54	1.54	0.77	79.86	1	2	4	111.1111	nonToxic
TiO2	25	504.5	-10.7	210	-9.779	-4.16	-7.49	5.77	SHSY5Y	Cancer	6	100	1575.73	6.557	1.54	1.54	0.77	79.86	1	2	4	122.2222	nonToxic
TiO2	25	504.5	-10.7	210	-9.779	-4.16	-7.49	5.77	SHSY5Y	Cancer	6	120	1575.73	6.557	1.54	1.54	0.77	79.86	1	2	4	121.1111	nonToxic
TiO2	25	504.5	-10.7	210	-9.779	-4.16	-7.49	5.77	SHSY5Y	Cancer	6	150	1575.73	6.557	1.54	1.54	0.77	79.86	1	2	4	121.1111	nonToxic
TiO2	25	504.5	-10.7	210	-9.779	-4.16	-7.49	5.77	SHSY5Y	Cancer	3	0.00001	1575.73	6.557	1.54	1.54	0.77	79.86	1	2	4	100	nonToxic
TiO2	25	504.5	-10.7	210	-9.779	-4.16	-7.49	5.77	SHSY5Y	Cancer	3	20	1575.73	6.557	1.54	1.54	0.77	79.86	1	2	4	110	nonToxic
TiO2	25	504.5	-10.7	210	-9.779	-4.16	-7.49	5.77	SHSY5Y	Cancer	3	40	1575.73	6.557	1.54	1.54	0.77	79.86	1	2	4	120	nonToxic
TiO2	25	504.5	-10.7	210	-9.779	-4.16	-7.49	5.77	SHSY5Y	Cancer	3	60	1575.73	6.557	1.54	1.54	0.77	79.86	1	2	4	115.5556	nonToxic
TiO2	25	504.5	-10.7	210	-9.779	-4.16	-7.49	5.77	SHSY5Y	Cancer	3	80	1575.73	6.557	1.54	1.54	0.77	79.86	1	2	4	114.4444	nonToxic
TiO2	25	504.5	-10.7	210	-9.779	-4.16	-7.49	5.77	SHSY5Y	Cancer	3	100	1575.73	6.557	1.54	1.54	0.77	79.86	1	2	4	122.2222	nonToxic
TiO2	25	504.5	-10.7	210	-9.779	-4.16	-7.49	5.77	SHSY5Y	Cancer	3	120	1575.73	6.557	1.54	1.54	0.77	79.86	1	2	4	121.1111	nonToxic
TiO2	25	504.5	-10.7	210	-9.779	-4.16	-7.49	5.77	SHSY5Y	Cancer	3	150	1575.73	6.557	1.54	1.54	0.77	79.86	1	2	4	116.6667	nonToxic
TiO2	25	504.5	-10.7	210	-9.779	-4.16	-7.49	5.77	SHSY5Y	Cancer	24	0.00001	1575.73	6.557	1.54	1.54	0.77	79.86	1	2	4	100	nonToxic
TiO2	25	504.5	-10.7	210	-9.779	-4.16	-7.49	5.77	SHSY5Y	Cancer	24	20	1575.73	6.557	1.54	1.54	0.77	79.86	1	2	4	82.2599	nonToxic
TiO2	25	504.5	-10.7	210	-9.779	-4.16	-7.49	5.77	SHSY5Y	Cancer	24	40	1575.73	6.557	1.54	1.54	0.77	79.86	1	2	4	76.7232	nonToxic
TiO2	25	504.5	-10.7	210	-9.779	-4.16	-7.49	5.77	SHSY5Y	Cancer	24	60	1575.73	6.557	1.54	1.54	0.77	79.86	1	2	4	83.8418	nonToxic
TiO2	25	504.5	-10.7	210	-9.779	-4.16	-7.49	5.77	SHSY5Y	Cancer	24	80	1575.73	6.557	1.54	1.54	0.77	79.86	1	2	4	85.4237	nonToxic
TiO2	25	504.5	-10.7	210	-9.779	-4.16	-7.49	5.77	SHSY5Y	Cancer	24	100	1575.73	6.557	1.54	1.54	0.77	79.86	1	2	4	93.3333	nonToxic
TiO2	25	504.5	-10.7	210	-9.779	-4.16	-7.49	5.77	SHSY5Y	Cancer	24	120	1575.73	6.557	1.54	1.54	0.77	79.86	1	2	4	90.1695	nonToxic
TiO2	25	504.5	-10.7	210	-9.779	-4.16	-7.49	5.77	SHSY5Y	Cancer	24	150	1575.73	6.557	1.54	1.54	0.77	79.86	1	2	4	98.8701	nonToxic
TiO2	25	504.5	-10.7	210	-9.779	-4.16	-7.49	5.77	SHSY5Y	Cancer	6	0.00001	1575.73	6.557	1.54	1.54	0.77	79.86	1	2	4	100	nonToxic
TiO2	25	504.5	-10.7	210	-9.779	-4.16	-7.49	5.77	SHSY5Y	Cancer	6	20	1575.73	6.557	1.54	1.54	0.77	79.86	1	2	4	90.1695	nonToxic
TiO2	25	504.5	-10.7	210	-9.779	-4.16	-7.49	5.77	SHSY5Y	Cancer	6	40	1575.73	6.557	1.54	1.54	0.77	79.86	1	2	4	103.6158	nonToxic
TiO2	25	504.5	-10.7	210	-9.779	-4.16	-7.49	5.77	SHSY5Y	Cancer	6	60	1575.73	6.557	1.54	1.54	0.77	79.86	1	2	4	88.5876	nonToxic
TiO2	25	504.5	-10.7	210	-9.779	-4.16	-7.49	5.77	SHSY5Y	Cancer	6	80	1575.73	6.557	1.54	1.54	0.77	79.86	1	2	4	96.4972	nonToxic
TiO2	25	504.5	-10.7	210	-9.779	-4.16	-7.49	5.77	SHSY5Y	Cancer	6	100	1575.73	6.557	1.54	1.54	0.77	79.86	1	2	4	115.4802	nonToxic
TiO2	25	504.5	-10.7	210	-9.779	-4.16	-7.49	5.77	SHSY5Y	Cancer	6	120	1575.73	6.557	1.54	1.54	0.77	79.86	1	2	4	95.7062	nonToxic
TiO2	25	504.5	-10.7	210	-9.779	-4.16	-7.49	5.77	SHSY5Y	Cancer	6	150	1575.73	6.557	1.54	1.54	0.77	79.86	1	2	4	118.6441	nonToxic
TiO2	25	504.5	-10.7	210	-9.779	-4.16	-7.49	5.77	SHSY5Y	Cancer	3	0.00001	1575.73	6.557	1.54	1.54	0.77	79.86	1	2	4	100	nonToxic
TiO2	25	504.5	-10.7	210	-9.779	-4.16	-7.49	5.77	SHSY5Y	Cancer	3	20	1575.73	6.557	1.54	1.54	0.77	79.86	1	2	4	90.9605	nonToxic
TiO2	25	504.5	-10.7	210	-9.779	-4.16	-7.49	5.77	SHSY5Y	Cancer	3	40	1575.73	6.557	1.54	1.54	0.77	79.86	1	2	4	94.1243	nonToxic
TiO2	25	504.5	-10.7	210	-9.779	-4.16	-7.49	5.77	SHSY5Y	Cancer	3	60	1575.73	6.557	1.54	1.54	0.77	79.86	1	2	4	104.4068	nonToxic
TiO2	25	504.5	-10.7	210	-9.779	-4.16	-7.49	5.77	SHSY5Y	Cancer	3	80	1575.73	6.557	1.54	1.54	0.77	79.86	1	2	4	87.0056	nonToxic
TiO2	25	504.5	-10.7	210	-9.779	-4.16	-7.49	5.77	SHSY5Y	Cancer	3	100	1575.73	6.557	1.54	1.54	0.77	79.86	1	2	4	82.2599	nonToxic
TiO2	25	504.5	-10.7	210	-9.779	-4.16	-7.49	5.77	SHSY5Y	Cancer	3	120	1575.73	6.557	1.54	1.54	0.77	79.86	1	2	4	106.7797	nonToxic
TiO2	25	504.5	-10.7	210	-9.779	-4.16	-7.49	5.77	SHSY5Y	Cancer	3	150	1575.73	6.557	1.54	1.54	0.77	79.86	1	2	4	94.1243	nonToxic
TiO2	25	228.3	-10.7	40	-9.779	-4.16	-7.49	5.77	SHSY5Y	Cancer	24	0.00001	1575.73	6.557	1.54	1.54	0.77	79.86	1	2	4	100	nonToxic
TiO2	25	228.3	-10.7	40	-9.779	-4.16	-7.49	5.77	SHSY5Y	Cancer	24	20	1575.73	6.557	1.54	1.54	0.77	79.86	1	2	4	87.62	nonToxic
TiO2	25	228.3	-10.7	40	-9.779	-4.16	-7.49	5.77	SHSY5Y	Cancer	24	40	1575.73	6.557	1.54	1.54	0.77	79.86	1	2	4	94.16	nonToxic
TiO2	25	228.3	-10.7	40	-9.779	-4.16	-7.49	5.77	SHSY5Y	Cancer	24	60	1575.73	6.557	1.54	1.54	0.77	79.86	1	2	4	84.14	nonToxic
TiO2	25	228.3	-10.7	40	-9.779	-4.16	-7.49	5.77	SHSY5Y	Cancer	24	80	1575.73	6.557	1.54	1.54	0.77	79.86	1	2	4	99.83	nonToxic
TiO2	25	228.3	-10.7	40	-9.779	-4.16	-7.49	5.77	SHSY5Y	Cancer	24	100	1575.73	6.557	1.54	1.54	0.77	79.86	1	2	4	101.14	nonToxic
TiO2	25	228.3	-10.7	40	-9.779	-4.16	-7.49	5.77	SHSY5Y	Cancer	24	120	1575.73	6.557	1.54	1.54	0.77	79.86	1	2	4	112.47	nonToxic
TiO2	25	228.3	-10.7	40	-9.779	-4.16	-7.49	5.77	SHSY5Y	Cancer	24	150	1575.73	6.557	1.54	1.54	0.77	79.86	1	2	4	108.55	nonToxic
TiO2	25	228.3	-10.7	40	-9.779	-4.16	-7.49	5.77	SHSY5Y	Cancer	6	0.00001	1575.73	6.557	1.54	1.54	0.77	79.86	1	2	4	100	nonToxic
TiO2	25	228.3	-10.7	40	-9.779	-4.16	-7.49	5.77	SHSY5Y	Cancer	6	20	1575.73	6.557	1.54	1.54	0.77	79.86	1	2	4	95.9	nonToxic
TiO2	25	228.3	-10.7	40	-9.779	-4.16	-7.49	5.77	SHSY5Y	Cancer	6	40	1575.73	6.557	1.54	1.54	0.77	79.86	1	2	4	100.7	nonToxic
TiO2	25	228.3	-10.7	40	-9.779	-4.16	-7.49	5.77	SHSY5Y	Cancer	6	60	1575.73	6.557	1.54	1.54	0.77	79.86	1	2	4	87.19	nonToxic
TiO2	25	228.3	-10.7	40	-9.779	-4.16	-7.49	5.77	SHSY5Y	Cancer	6	80	1575.73	6.557	1.54	1.54	0.77	79.86	1	2	4	112.04	nonToxic
TiO2	25	228.3	-10.7	40	-9.779	-4.16	-7.49	5.77	SHSY5Y	Cancer	6	100	1575.73	6.557	1.54	1.54	0.77	79.86	1	2	4	102.01	nonToxic
TiO2	25	228.3	-10.7	40	-9.779	-4.16	-7.49	5.77	SHSY5Y	Cancer	6	120	1575.73	6.557	1.54	1.54	0.77	79.86	1	2	4	102.01	nonToxic
TiO2	25	228.3	-10.7	40	-9.779	-4.16	-7.49	5.77	SHSY5Y	Cancer	6	150	1575.73	6.557	1.54	1.54	0.77	79.86	1	2	4	91.11	nonToxic
TiO2	25	228.3	-10.7	40	-9.779	-4.16	-7.49	5.77	SHSY5Y	Cancer	3	0.00001	1575.73	6.557	1.54	1.54	0.77	79.86	1	2	4	100	nonToxic
TiO2	25	228.3	-10.7	40	-9.779	-4.16	-7.49	5.77	SHSY5Y	Cancer	3	20	1575.73	6.557	1.54	1.54	0.77	79.86	1	2	4	122.5	nonToxic
TiO2	25	228.3	-10.7	40	-9.779	-4.16	-7.49	5.77	SHSY5Y	Cancer	3	40	1575.73	6.557	1.54	1.54	0.77	79.86	1	2	4	124.6	nonToxic
TiO2	25	228.3	-10.7	40	-9.779	-4.16	-7.49	5.77	SHSY5Y	Cancer	3	60	1575.73	6.557	1.54	1.54	0.77	79.86	1	2	4	125.9	nonToxic
TiO2	25	228.3	-10.7	40	-9.779	-4.16	-7.49	5.77	SHSY5Y	Cancer	3	80	1575.73	6.557	1.54	1.54	0.77	79.86	1	2	4	127.3	nonToxic
TiO2	25	228.3	-10.7	40	-9.779	-4.16	-7.49	5.77	SHSY5Y	Cancer	3	100	1575.73	6.557	1.54	1.54	0.77	79.86	1	2	4	118.14	nonToxic
TiO2	25	228.3	-10.7	40	-9.779	-4.16	-7.49	5.77	SHSY5Y	Cancer	3	120	1575.73	6.557	1.54	1.54	0.77	79.86	1	2	4	116.4	nonToxic
TiO2	25	228.3	-10.7	40	-9.779	-4.16	-7.49	5.77	SHSY5Y	Cancer	3	150	1575.73	6.557	1.54	1.54	0.77	79.86	1	2	4	116.4	nonToxic
TiO2	25	228.3	-10.7	40	-9.779	-4.16	-7.49	5.77	SHSY5Y	Cancer	24	0.00001	1575.73	6.557	1.54	1.54	0.77	79.86	1	2	4	100	nonToxic
TiO2	25	228.3	-10.7	40	-9.779	-4.16	-7.49	5.77	SHSY5Y	Cancer	24	20	1575.73	6.557	1.54	1.54	0.77	79.86	1	2	4	105.5	nonToxic
TiO2	25	228.3	-10.7	40	-9.779	-4.16	-7.49	5.77	SHSY5Y	Cancer	24	40	1575.73	6.557	1.54	1.54	0.77	79.86	1	2	4	95.67	nonToxic
TiO2	25	228.3	-10.7	40	-9.779	-4.16	-7.49	5.77	SHSY5Y	Cancer	24	60	1575.73	6.557	1.54	1.54	0.77	79.86	1	2	4	102.71	nonToxic
TiO2	25	228.3	-10.7	40	-9.779	-4.16	-7.49	5.77	SHSY5Y	Cancer	24	80	1575.73	6.557	1.54	1.54	0.77	79.86	1	2	4	106.58	nonToxic
TiO2	25	228.3	-10.7	40	-9.779	-4.16	-7.49	5.77	SHSY5Y	Cancer	24	100	1575.73	6.557	1.54	1.54	0.77	79.86	1	2	4	99.89	nonToxic
TiO2	25	228.3	-10.7	40	-9.779	-4.16	-7.49	5.77	SHSY5Y	Cancer	24	120	1575.73	6.557	1.54	1.54	0.77	79.86	1	2	4	114.67	nonToxic
TiO2	25	228.3	-10.7	40	-9.779	-4.16	-7.49	5.77	SHSY5Y	Cancer	24	150	1575.73	6.557	1.54	1.54	0.77	79.86	1	2	4	119.59	nonToxic
TiO2	25	228.3	-10.7	40	-9.779	-4.16	-7.49	5.77	SHSY5Y	Cancer	6	0.00001	1575.73	6.557	1.54	1.54	0.77	79.86	1	2	4	100	nonToxic
TiO2	25	228.3	-10.7	40	-9.779	-4.16	-7.49	5.77	SHSY5Y	Cancer	6	20	1575.73	6.557	1.54	1.54	0.77	79.86	1	2	4	93.91	nonToxic
TiO2	25	228.3	-10.7	40	-9.779	-4.16	-7.49	5.77	SHSY5Y	Cancer	6	40	1575.73	6.557	1.54	1.54	0.77	79.86	1	2	4	92.16	nonToxic
TiO2	25	228.3	-10.7	40	-9.779	-4.16	-7.49	5.77	SHSY5Y	Cancer	6	60	1575.73	6.557	1.54	1.54	0.77	79.86	1	2	4	95.67	nonToxic
TiO2	25	228.3	-10.7	40	-9.779	-4.16	-7.49	5.77	SHSY5Y	Cancer	6	80	1575.73	6.557	1.54	1.54	0.77	79.86	1	2	4	90.05	nonToxic
TiO2	25	228.3	-10.7	40	-9.779	-4.16	-7.49	5.77	SHSY5Y	Cancer	6	100	1575.73	6.557	1.54	1.54	0.77	79.86	1	2	4	88.29	nonToxic
TiO2	25	228.3	-10.7	40	-9.779	-4.16	-7.49	5.77	SHSY5Y	Cancer	6	120	1575.73	6.557	1.54	1.54	0.77	79.86	1	2	4	103.06	nonToxic
TiO2	25	228.3	-10.7	40	-9.779	-4.16	-7.49	5.77	SHSY5Y	Cancer	6	150	1575.73	6.557	1.54	1.54	0.77	79.86	1	2	4	90.75	nonToxic
TiO2	25	228.3	-10.7	40	-9.779	-4.16	-7.49	5.77	SHSY5Y	Cancer	3	0.00001	1575.73	6.557	1.54	1.54	0.77	79.86	1	2	4	100	nonToxic
TiO2	25	228.3	-10.7	40	-9.779	-4.16	-7.49	5.77	SHSY5Y	Cancer	3	20	1575.73	6.557	1.54	1.54	0.77	79.86	1	2	4	107.9	nonToxic
TiO2	25	228.3	-10.7	40	-9.779	-4.16	-7.49	5.77	SHSY5Y	Cancer	3	40	1575.73	6.557	1.54	1.54	0.77	79.86	1	2	4	101.6	nonToxic
TiO2	25	228.3	-10.7	40	-9.779	-4.16	-7.49	5.77	SHSY5Y	Cancer	3	60	1575.73	6.557	1.54	1.54	0.77	79.86	1	2	4	105.1	nonToxic
TiO2	25	228.3	-10.7	40	-9.779	-4.16	-7.49	5.77	SHSY5Y	Cancer	3	80	1575.73	6.557	1.54	1.54	0.77	79.86	1	2	4	103.06	nonToxic
TiO2	25	228.3	-10.7	40	-9.779	-4.16	-7.49	5.77	SHSY5Y	Cancer	3	100	1575.73	6.557	1.54	1.54	0.77	79.86	1	2	4	94.97	nonToxic
TiO2	25	228.3	-10.7	40	-9.779	-4.16	-7.49	5.77	SHSY5Y	Cancer	3	120	1575.73	6.557	1.54	1.54	0.77	79.86	1	2	4	95.32	nonToxic
TiO2	25	228.3	-10.7	40	-9.779	-4.16	-7.49	5.77	SHSY5Y	Cancer	3	150	1575.73	6.557	1.54	1.54	0.77	79.86	1	2	4	97.78	nonToxic
TiO2	21	74	-9.42	57	-9.779	-4.16	-7.49	5.77	MCF10A	Cancer	24	0.00001	1575.73	6.557	1.54	1.54	0.77	79.86	1	2	4	96.1027	nonToxic
TiO2	21	74	-9.42	57	-9.779	-4.16	-7.49	5.77	MCF10A	Cancer	24	150	1575.73	6.557	1.54	1.54	0.77	79.86	1	2	4	80.5606	nonToxic
TiO2	21	74	-9.42	57	-9.779	-4.16	-7.49	5.77	MCF10A	Cancer	24	0.00001	1575.73	6.557	1.54	1.54	0.77	79.86	1	2	4	96.5641	nonToxic
TiO2	21	74	-9.42	57	-9.779	-4.16	-7.49	5.77	MCF10A	Cancer	24	150	1575.73	6.557	1.54	1.54	0.77	79.86	1	2	4	96.0304	nonToxic
TiO2	21	74	-9.42	57	-9.779	-4.16	-7.49	5.77	WI38	Normal	24	0.00001	1575.73	6.557	1.54	1.54	0.77	79.86	1	2	4	94.1623	nonToxic
TiO2	21	74	-9.42	57	-9.779	-4.16	-7.49	5.77	WI38	Normal	24	150	1575.73	6.557	1.54	1.54	0.77	79.86	1	2	4	75.8821	nonToxic
TiO2	21	74	-9.42	57	-9.779	-4.16	-7.49	5.77	WI38	Normal	24	0.00001	1575.73	6.557	1.54	1.54	0.77	79.86	1	2	4	94.7795	nonToxic
TiO2	21	74	-9.42	57	-9.779	-4.16	-7.49	5.77	WI38	Normal	24	150	1575.73	6.557	1.54	1.54	0.77	79.86	1	2	4	79.0703	nonToxic
TiO2	21	74	-9.42	57	-9.779	-4.16	-7.49	5.77	ChangLiv	Normal	24	0.00001	1575.73	6.557	1.54	1.54	0.77	79.86	1	2	4	93.757	nonToxic
TiO2	21	74	-9.42	57	-9.779	-4.16	-7.49	5.77	ChangLiv	Normal	24	150	1575.73	6.557	1.54	1.54	0.77	79.86	1	2	4	79.0703	nonToxic
TiO2	21	74	-9.42	57	-9.779	-4.16	-7.49	5.77	ChangLiv	Normal	24	0.00001	1575.73	6.557	1.54	1.54	0.77	79.86	1	2	4	95.6434	nonToxic
TiO2	21	74	-9.42	57	-9.779	-4.16	-7.49	5.77	ChangLiv	Normal	24	150	1575.73	6.557	1.54	1.54	0.77	79.86	1	2	4	94.7002	nonToxic
TiO2	21	133	-9.42	57	-9.779	-4.16	-7.49	5.77	ChangLiv	Normal	24	0.00001	1575.73	6.557	1.54	1.54	0.77	79.86	1	2	4	93.757	nonToxic
TiO2	21	133	-9.42	57	-9.779	-4.16	-7.49	5.77	ChangLiv	Normal	24	150	1575.73	6.557	1.54	1.54	0.77	79.86	1	2	4	59.1287	nonToxic
TiO2	21	133	-9.42	57	-9.779	-4.16	-7.49	5.77	ChangLiv	Normal	24	0.00001	1575.73	6.557	1.54	1.54	0.77	79.86	1	2	4	95.6434	nonToxic
TiO2	21	133	-9.42	57	-9.779	-4.16	-7.49	5.77	ChangLiv	Normal	24	150	1575.73	6.557	1.54	1.54	0.77	79.86	1	2	4	93.2046	nonToxic
TiO2	21	327	-9.42	57	-9.779	-4.16	-7.49	5.77	ChangLiv	Normal	24	0.00001	1575.73	6.557	1.54	1.54	0.77	79.86	1	2	4	93.757	nonToxic
TiO2	21	327	-9.42	57	-9.779	-4.16	-7.49	5.77	ChangLiv	Normal	24	0.00001	1575.73	6.557	1.54	1.54	0.77	79.86	1	2	4	95.6434	nonToxic
TiO2	40	322.3	-25.27	50	-9.779	-4.16	-7.49	5.77	L02	Normal	24	0.00001	1575.73	6.557	1.54	1.54	0.77	79.86	1	2	4	90.4	nonToxic
TiO2	40	322.3	-25.27	50	-9.779	-4.16	-7.49	5.77	L02	Normal	24	1	1575.73	6.557	1.54	1.54	0.77	79.86	1	2	4	91.1	nonToxic
TiO2	40	322.3	-25.27	50	-9.779	-4.16	-7.49	5.77	L02	Normal	24	5	1575.73	6.557	1.54	1.54	0.77	79.86	1	2	4	92.6	nonToxic
TiO2	40	322.3	-25.27	50	-9.779	-4.16	-7.49	5.77	L02	Normal	24	10	1575.73	6.557	1.54	1.54	0.77	79.86	1	2	4	89.6	nonToxic
TiO2	40	322.3	-25.27	50	-9.779	-4.16	-7.49	5.77	L02	Normal	12	0.00001	1575.73	6.557	1.54	1.54	0.77	79.86	1	2	4	92.6	nonToxic
TiO2	40	322.3	-25.27	50	-9.779	-4.16	-7.49	5.77	L02	Normal	12	1	1575.73	6.557	1.54	1.54	0.77	79.86	1	2	4	93.9	nonToxic
TiO2	40	322.3	-25.27	50	-9.779	-4.16	-7.49	5.77	L02	Normal	12	5	1575.73	6.557	1.54	1.54	0.77	79.86	1	2	4	92.2	nonToxic
TiO2	40	322.3	-25.27	50	-9.779	-4.16	-7.49	5.77	L02	Normal	12	10	1575.73	6.557	1.54	1.54	0.77	79.86	1	2	4	92.5	nonToxic
TiO2	40	322.3	-25.27	50	-9.779	-4.16	-7.49	5.77	L02	Normal	6	0.00001	1575.73	6.557	1.54	1.54	0.77	79.86	1	2	4	96.2	nonToxic
TiO2	40	322.3	-25.27	50	-9.779	-4.16	-7.49	5.77	L02	Normal	6	1	1575.73	6.557	1.54	1.54	0.77	79.86	1	2	4	97.3	nonToxic
TiO2	40	322.3	-25.27	50	-9.779	-4.16	-7.49	5.77	L02	Normal	6	5	1575.73	6.557	1.54	1.54	0.77	79.86	1	2	4	89.4	nonToxic
TiO2	40	322.3	-25.27	50	-9.779	-4.16	-7.49	5.77	L02	Normal	6	10	1575.73	6.557	1.54	1.54	0.77	79.86	1	2	4	91.5	nonToxic
TiO2	20	707	-12.1	50.4	-9.779	-4.16	-7.49	5.77	BEAS2B	Normal	24	0.00001	1575.73	6.557	1.54	1.54	0.77	79.86	1	2	4	100	nonToxic
TiO2	20	707	-12.1	50.4	-9.779	-4.16	-7.49	5.77	BEAS2B	Normal	24	10	1575.73	6.557	1.54	1.54	0.77	79.86	1	2	4	99.27102	nonToxic
TiO2	20	707	-12.1	50.4	-9.779	-4.16	-7.49	5.77	BEAS2B	Normal	24	30	1575.73	6.557	1.54	1.54	0.77	79.86	1	2	4	100	nonToxic
TiO2	20	707	-12.1	50.4	-9.779	-4.16	-7.49	5.77	BEAS2B	Normal	24	100	1575.73	6.557	1.54	1.54	0.77	79.86	1	2	4	96.784501	nonToxic
TiO2	20	707	-12.1	50.4	-9.779	-4.16	-7.49	5.77	BEAS2B	Normal	24	300	1575.73	6.557	1.54	1.54	0.77	79.86	1	2	4	79.748352	nonToxic
TiO2	10	1457	-11	166	-9.779	-4.16	-7.49	5.77	BEAS2B	Normal	24	0.00001	1575.73	6.557	1.54	1.54	0.77	79.86	1	2	4	100	nonToxic
TiO2	10	1457	-11	166	-9.779	-4.16	-7.49	5.77	BEAS2B	Normal	24	10	1575.73	6.557	1.54	1.54	0.77	79.86	1	2	4	94.686567	nonToxic
TiO2	10	1457	-11	166	-9.779	-4.16	-7.49	5.77	BEAS2B	Normal	24	30	1575.73	6.557	1.54	1.54	0.77	79.86	1	2	4	91.303482	nonToxic
TiO2	10	1457	-11	166	-9.779	-4.16	-7.49	5.77	BEAS2B	Normal	24	100	1575.73	6.557	1.54	1.54	0.77	79.86	1	2	4	96.756218	nonToxic
TiO2	10	1457	-11	166	-9.779	-4.16	-7.49	5.77	BEAS2B	Normal	24	300	1575.73	6.557	1.54	1.54	0.77	79.86	1	2	4	84.507462	nonToxic
TiO2	35	1814	-35.5	66	-9.779	-4.16	-7.49	5.77	A549	Cancer	72	0.00001	1575.73	6.557	1.54	1.54	0.77	79.86	1	2	4	101.5761	nonToxic
TiO2	35	1814	-35.5	66	-9.779	-4.16	-7.49	5.77	A549	Cancer	72	6.25	1575.73	6.557	1.54	1.54	0.77	79.86	1	2	4	76.5942	nonToxic
TiO2	35	1814	-35.5	66	-9.779	-4.16	-7.49	5.77	A549	Cancer	72	12.5	1575.73	6.557	1.54	1.54	0.77	79.86	1	2	4	82.4275	nonToxic
TiO2	35	1814	-35.5	66	-9.779	-4.16	-7.49	5.77	A549	Cancer	72	25	1575.73	6.557	1.54	1.54	0.77	79.86	1	2	4	76.721	nonToxic
TiO2	35	1814	-35.5	66	-9.779	-4.16	-7.49	5.77	A549	Cancer	72	50	1575.73	6.557	1.54	1.54	0.77	79.86	1	2	4	73.2971	nonToxic
TiO2	35	1814	-35.5	66	-9.779	-4.16	-7.49	5.77	A549	Cancer	12	0.00001	1575.73	6.557	1.54	1.54	0.77	79.86	1	2	4	100.7394	nonToxic
TiO2	35	1814	-35.5	66	-9.779	-4.16	-7.49	5.77	A549	Cancer	12	6.25	1575.73	6.557	1.54	1.54	0.77	79.86	1	2	4	124.9775	nonToxic
TiO2	35	1814	-35.5	66	-9.779	-4.16	-7.49	5.77	A549	Cancer	12	12.5	1575.73	6.557	1.54	1.54	0.77	79.86	1	2	4	105.284	nonToxic
TiO2	35	1814	-35.5	66	-9.779	-4.16	-7.49	5.77	A549	Cancer	12	25	1575.73	6.557	1.54	1.54	0.77	79.86	1	2	4	106.9252	nonToxic
TiO2	35	1814	-35.5	66	-9.779	-4.16	-7.49	5.77	A549	Cancer	12	50	1575.73	6.557	1.54	1.54	0.77	79.86	1	2	4	101.6231	nonToxic
TiO2	30	1843	-30.8	69	-9.779	-4.16	-7.49	5.77	A549	Cancer	72	0.00001	1575.73	6.557	1.54	1.54	0.77	79.86	1	2	4	101.5761	nonToxic
TiO2	30	1843	-30.8	69	-9.779	-4.16	-7.49	5.77	A549	Cancer	72	6.25	1575.73	6.557	1.54	1.54	0.77	79.86	1	2	4	91.4312	nonToxic
TiO2	30	1843	-30.8	69	-9.779	-4.16	-7.49	5.77	A549	Cancer	72	12.5	1575.73	6.557	1.54	1.54	0.77	79.86	1	2	4	89.2754	nonToxic
TiO2	30	1843	-30.8	69	-9.779	-4.16	-7.49	5.77	A549	Cancer	72	25	1575.73	6.557	1.54	1.54	0.77	79.86	1	2	4	90.7971	nonToxic
TiO2	30	1843	-30.8	69	-9.779	-4.16	-7.49	5.77	A549	Cancer	72	50	1575.73	6.557	1.54	1.54	0.77	79.86	1	2	4	81.9837	nonToxic
TiO2	30	1843	-30.8	69	-9.779	-4.16	-7.49	5.77	A549	Cancer	12	0.00001	1575.73	6.557	1.54	1.54	0.77	79.86	1	2	4	100.9919	nonToxic
TiO2	30	1843	-30.8	69	-9.779	-4.16	-7.49	5.77	A549	Cancer	12	6.25	1575.73	6.557	1.54	1.54	0.77	79.86	1	2	4	119.4229	nonToxic
TiO2	30	1843	-30.8	69	-9.779	-4.16	-7.49	5.77	A549	Cancer	12	12.5	1575.73	6.557	1.54	1.54	0.77	79.86	1	2	4	117.4031	nonToxic
TiO2	30	1843	-30.8	69	-9.779	-4.16	-7.49	5.77	A549	Cancer	12	25	1575.73	6.557	1.54	1.54	0.77	79.86	1	2	4	111.7538	nonToxic
TiO2	30	1843	-30.8	69	-9.779	-4.16	-7.49	5.77	A549	Cancer	12	50	1575.73	6.557	1.54	1.54	0.77	79.86	1	2	4	99.5401	nonToxic
TiO2	125	1054	-40.8	38	-9.779	-4.16	-7.49	5.77	A549	Cancer	72	0.00001	1575.73	6.557	1.54	1.54	0.77	79.86	1	2	4	101.7029	nonToxic
TiO2	125	1054	-40.8	38	-9.779	-4.16	-7.49	5.77	A549	Cancer	72	6.25	1575.73	6.557	1.54	1.54	0.77	79.86	1	2	4	68.4783	nonToxic
TiO2	125	1054	-40.8	38	-9.779	-4.16	-7.49	5.77	A549	Cancer	72	12.5	1575.73	6.557	1.54	1.54	0.77	79.86	1	2	4	57.6993	nonToxic
TiO2	125	1054	-40.8	38	-9.779	-4.16	-7.49	5.77	A549	Cancer	72	25	1575.73	6.557	1.54	1.54	0.77	79.86	1	2	4	51.6123	nonToxic
TiO2	125	1054	-40.8	38	-9.779	-4.16	-7.49	5.77	A549	Cancer	72	50	1575.73	6.557	1.54	1.54	0.77	79.86	1	2	4	44.5109	Toxic
TiO2	125	1054	-40.8	38	-9.779	-4.16	-7.49	5.77	A549	Cancer	12	0.00001	1575.73	6.557	1.54	1.54	0.77	79.86	1	2	4	100.8656	nonToxic
TiO2	125	1054	-40.8	38	-9.779	-4.16	-7.49	5.77	A549	Cancer	12	6.25	1575.73	6.557	1.54	1.54	0.77	79.86	1	2	4	102.3805	nonToxic
TiO2	125	1054	-40.8	38	-9.779	-4.16	-7.49	5.77	A549	Cancer	12	12.5	1575.73	6.557	1.54	1.54	0.77	79.86	1	2	4	90.2615	nonToxic
TiO2	125	1054	-40.8	38	-9.779	-4.16	-7.49	5.77	A549	Cancer	12	25	1575.73	6.557	1.54	1.54	0.77	79.86	1	2	4	88.1154	nonToxic
TiO2	125	1054	-40.8	38	-9.779	-4.16	-7.49	5.77	A549	Cancer	12	50	1575.73	6.557	1.54	1.54	0.77	79.86	1	2	4	80.5095	nonToxic
TiO2	33.7	303	-25.3	42.5	-9.779	-4.16	-7.49	5.77	SW480	Cancer	24	0.1	1575.73	6.557	1.54	1.54	0.77	79.86	1	2	4	102.5502	nonToxic
TiO2	33.7	303	-25.3	42.5	-9.779	-4.16	-7.49	5.77	SW480	Cancer	24	1	1575.73	6.557	1.54	1.54	0.77	79.86	1	2	4	87.8069	nonToxic
TiO2	33.7	303	-25.3	42.5	-9.779	-4.16	-7.49	5.77	SW480	Cancer	24	10	1575.73	6.557	1.54	1.54	0.77	79.86	1	2	4	71.2139	nonToxic
TiO2	33.7	303	-25.3	42.5	-9.779	-4.16	-7.49	5.77	SW480	Cancer	24	0.1	1575.73	6.557	1.54	1.54	0.77	79.86	1	2	4	79.6464	nonToxic
TiO2	33.7	303	-25.3	42.5	-9.779	-4.16	-7.49	5.77	SW480	Cancer	24	1	1575.73	6.557	1.54	1.54	0.77	79.86	1	2	4	73.7708	nonToxic
TiO2	33.7	303	-25.3	42.5	-9.779	-4.16	-7.49	5.77	SW480	Cancer	24	10	1575.73	6.557	1.54	1.54	0.77	79.86	1	2	4	75.6749	nonToxic
TiO2	33.7	308	-25.3	42.5	-9.779	-4.16	-7.49	5.77	Caco2	Cancer	24	0.1	1575.73	6.557	1.54	1.54	0.77	79.86	1	2	4	107.3156	nonToxic
TiO2	33.7	308	-25.3	42.5	-9.779	-4.16	-7.49	5.77	Caco2	Cancer	24	1	1575.73	6.557	1.54	1.54	0.77	79.86	1	2	4	116.3194	nonToxic
TiO2	33.7	308	-25.3	42.5	-9.779	-4.16	-7.49	5.77	Caco2	Cancer	24	10	1575.73	6.557	1.54	1.54	0.77	79.86	1	2	4	90.5247	nonToxic
TiO2	33.7	308	-25.3	42.5	-9.779	-4.16	-7.49	5.77	Caco2	Cancer	24	100	1575.73	6.557	1.54	1.54	0.77	79.86	1	2	4	116.8061	nonToxic
TiO2	33.7	308	-25.3	42.5	-9.779	-4.16	-7.49	5.77	Caco2	Cancer	24	0.1	1575.73	6.557	1.54	1.54	0.77	79.86	1	2	4	100.0152	nonToxic
TiO2	33.7	308	-25.3	42.5	-9.779	-4.16	-7.49	5.77	Caco2	Cancer	24	1	1575.73	6.557	1.54	1.54	0.77	79.86	1	2	4	86.1445	nonToxic
TiO2	33.7	308	-25.3	42.5	-9.779	-4.16	-7.49	5.77	Caco2	Cancer	24	10	1575.73	6.557	1.54	1.54	0.77	79.86	1	2	4	86.0837	nonToxic
TiO2	33.7	308	-25.3	42.5	-9.779	-4.16	-7.49	5.77	Caco2	Cancer	24	100	1575.73	6.557	1.54	1.54	0.77	79.86	1	2	4	106.5856	nonToxic
TiO2	33.7	303	-25.3	42.5	-9.779	-4.16	-7.49	5.77	SW480	Cancer	48	0.1	1575.73	6.557	1.54	1.54	0.77	79.86	1	2	4	103.6437	nonToxic
TiO2	33.7	303	-25.3	42.5	-9.779	-4.16	-7.49	5.77	SW480	Cancer	48	1	1575.73	6.557	1.54	1.54	0.77	79.86	1	2	4	99.1734	nonToxic
TiO2	33.7	303	-25.3	42.5	-9.779	-4.16	-7.49	5.77	SW480	Cancer	48	10	1575.73	6.557	1.54	1.54	0.77	79.86	1	2	4	104.3185	nonToxic
TiO2	33.7	303	-25.3	42.5	-9.779	-4.16	-7.49	5.77	SW480	Cancer	48	100	1575.73	6.557	1.54	1.54	0.77	79.86	1	2	4	83.3333	nonToxic
TiO2	33.7	303	-25.3	42.5	-9.779	-4.16	-7.49	5.77	SW480	Cancer	24	0.1	1575.73	6.557	1.54	1.54	0.77	79.86	1	2	4	93.8597	nonToxic
TiO2	33.7	303	-25.3	42.5	-9.779	-4.16	-7.49	5.77	SW480	Cancer	24	1	1575.73	6.557	1.54	1.54	0.77	79.86	1	2	4	90.2159	nonToxic
TiO2	33.7	303	-25.3	42.5	-9.779	-4.16	-7.49	5.77	SW480	Cancer	24	10	1575.73	6.557	1.54	1.54	0.77	79.86	1	2	4	101.9568	nonToxic
TiO2	33.7	308	-25.3	42.5	-9.779	-4.16	-7.49	5.77	Caco2	Cancer	48	0.1	1575.73	6.557	1.54	1.54	0.77	79.86	1	2	4	106.0908	nonToxic
TiO2	33.7	308	-25.3	42.5	-9.779	-4.16	-7.49	5.77	Caco2	Cancer	48	1	1575.73	6.557	1.54	1.54	0.77	79.86	1	2	4	101.839	nonToxic
TiO2	33.7	308	-25.3	42.5	-9.779	-4.16	-7.49	5.77	Caco2	Cancer	48	10	1575.73	6.557	1.54	1.54	0.77	79.86	1	2	4	103.9649	nonToxic
TiO2	33.7	308	-25.3	42.5	-9.779	-4.16	-7.49	5.77	Caco2	Cancer	48	100	1575.73	6.557	1.54	1.54	0.77	79.86	1	2	4	124.7174	nonToxic
TiO2	33.7	308	-25.3	42.5	-9.779	-4.16	-7.49	5.77	Caco2	Cancer	24	0.1	1575.73	6.557	1.54	1.54	0.77	79.86	1	2	4	116.2139	nonToxic
TiO2	33.7	308	-25.3	42.5	-9.779	-4.16	-7.49	5.77	Caco2	Cancer	24	1	1575.73	6.557	1.54	1.54	0.77	79.86	1	2	4	91.4122	nonToxic
TiO2	33.7	308	-25.3	42.5	-9.779	-4.16	-7.49	5.77	Caco2	Cancer	24	10	1575.73	6.557	1.54	1.54	0.77	79.86	1	2	4	93.0319	nonToxic
TiO2	33.7	308	-25.3	42.5	-9.779	-4.16	-7.49	5.77	Caco2	Cancer	24	100	1575.73	6.557	1.54	1.54	0.77	79.86	1	2	4	105.9895	nonToxic
ZnO	45.3	310	32.7	21.3	-3.608	-3.89	-7.2	5.67	HCMEC	Normal	24	0.001	662.44	2.703	1.65	1.65	1.65	81.38	1	1	2	93.5233	nonToxic
ZnO	45.3	310	32.7	21.3	-3.608	-3.89	-7.2	5.67	HCMEC	Normal	24	0.01	662.44	2.703	1.65	1.65	1.65	81.38	1	1	2	98.7047	nonToxic
ZnO	45.3	310	32.7	21.3	-3.608	-3.89	-7.2	5.67	HCMEC	Normal	24	0.1	662.44	2.703	1.65	1.65	1.65	81.38	1	1	2	97.4093	nonToxic
ZnO	45.3	310	32.7	21.3	-3.608	-3.89	-7.2	5.67	HCMEC	Normal	24	1	662.44	2.703	1.65	1.65	1.65	81.38	1	1	2	97.9275	nonToxic
ZnO	45.3	310	32.7	21.3	-3.608	-3.89	-7.2	5.67	HCMEC	Normal	24	5	662.44	2.703	1.65	1.65	1.65	81.38	1	1	2	72.2798	nonToxic
ZnO	45.3	310	32.7	21.3	-3.608	-3.89	-7.2	5.67	HCMEC	Normal	24	10	662.44	2.703	1.65	1.65	1.65	81.38	1	1	2	62.4352	nonToxic
ZnO	45.3	310	32.7	21.3	-3.608	-3.89	-7.2	5.67	HCMEC	Normal	24	20	662.44	2.703	1.65	1.65	1.65	81.38	1	1	2	43.7824	Toxic
ZnO	45.3	310	32.7	21.3	-3.608	-3.89	-7.2	5.67	HCMEC	Normal	24	50	662.44	2.703	1.65	1.65	1.65	81.38	1	1	2	28.7565	Toxic
ZnO	45.3	310	32.7	21.3	-3.608	-3.89	-7.2	5.67	HCMEC	Normal	24	100	662.44	2.703	1.65	1.65	1.65	81.38	1	1	2	22.5389	Toxic
ZnO	45.3	310	32.7	21.3	-3.608	-3.89	-7.2	5.67	HCMEC	Normal	12	0.001	662.44	2.703	1.65	1.65	1.65	81.38	1	1	2	96.1039	nonToxic
ZnO	45.3	310	32.7	21.3	-3.608	-3.89	-7.2	5.67	HCMEC	Normal	12	0.01	662.44	2.703	1.65	1.65	1.65	81.38	1	1	2	98.1818	nonToxic
ZnO	45.3	310	32.7	21.3	-3.608	-3.89	-7.2	5.67	HCMEC	Normal	12	0.1	662.44	2.703	1.65	1.65	1.65	81.38	1	1	2	101.039	nonToxic
ZnO	45.3	310	32.7	21.3	-3.608	-3.89	-7.2	5.67	HCMEC	Normal	12	1	662.44	2.703	1.65	1.65	1.65	81.38	1	1	2	99.2208	nonToxic
ZnO	45.3	310	32.7	21.3	-3.608	-3.89	-7.2	5.67	HCMEC	Normal	12	5	662.44	2.703	1.65	1.65	1.65	81.38	1	1	2	92.7273	nonToxic
ZnO	45.3	310	32.7	21.3	-3.608	-3.89	-7.2	5.67	HCMEC	Normal	12	10	662.44	2.703	1.65	1.65	1.65	81.38	1	1	2	75.3247	nonToxic
ZnO	45.3	310	32.7	21.3	-3.608	-3.89	-7.2	5.67	HCMEC	Normal	12	20	662.44	2.703	1.65	1.65	1.65	81.38	1	1	2	64.1558	nonToxic
ZnO	45.3	310	32.7	21.3	-3.608	-3.89	-7.2	5.67	HCMEC	Normal	12	50	662.44	2.703	1.65	1.65	1.65	81.38	1	1	2	36.6234	Toxic
ZnO	45.3	310	32.7	21.3	-3.608	-3.89	-7.2	5.67	HCMEC	Normal	12	100	662.44	2.703	1.65	1.65	1.65	81.38	1	1	2	33.5065	Toxic
ZnO	115	360	-10	14.4	-3.608	-3.89	-7.2	5.67	HONDC	Normal	24	10	662.44	2.703	1.65	1.65	1.65	81.38	1	1	2	105.62	nonToxic
ZnO	115	360	-10	14.4	-3.608	-3.89	-7.2	5.67	HONDC	Normal	24	20	662.44	2.703	1.65	1.65	1.65	81.38	1	1	2	108.74	nonToxic
ZnO	115	360	-10	14.4	-3.608	-3.89	-7.2	5.67	HONDC	Normal	24	30	662.44	2.703	1.65	1.65	1.65	81.38	1	1	2	36.16	Toxic
ZnO	115	360	-10	14.4	-3.608	-3.89	-7.2	5.67	HONDC	Normal	24	50	662.44	2.703	1.65	1.65	1.65	81.38	1	1	2	27.54	Toxic
ZnO	115	360	-10	14.4	-3.608	-3.89	-7.2	5.67	HONDC	Normal	24	80	662.44	2.703	1.65	1.65	1.65	81.38	1	1	2	30.17	Toxic
ZnO	115	500	-9	14.5	-3.608	-3.89	-7.2	5.67	HONDC	Normal	24	10	662.44	2.703	1.65	1.65	1.65	81.38	1	1	2	92.69	nonToxic
ZnO	115	500	-9	14.5	-3.608	-3.89	-7.2	5.67	HONDC	Normal	24	20	662.44	2.703	1.65	1.65	1.65	81.38	1	1	2	106.1	nonToxic
ZnO	115	500	-9	14.5	-3.608	-3.89	-7.2	5.67	HONDC	Normal	24	30	662.44	2.703	1.65	1.65	1.65	81.38	1	1	2	52.93	nonToxic
ZnO	115	500	-9	14.5	-3.608	-3.89	-7.2	5.67	HONDC	Normal	24	50	662.44	2.703	1.65	1.65	1.65	81.38	1	1	2	28.26	Toxic
ZnO	115	500	-9	14.5	-3.608	-3.89	-7.2	5.67	HONDC	Normal	24	80	662.44	2.703	1.65	1.65	1.65	81.38	1	1	2	29.46	Toxic
ZnO	115	360	-10	14.4	-3.608	-3.89	-7.2	5.67	HONDC	Normal	24	10	662.44	2.703	1.65	1.65	1.65	81.38	1	1	2	100	nonToxic
ZnO	115	360	-10	14.4	-3.608	-3.89	-7.2	5.67	HONDC	Normal	24	20	662.44	2.703	1.65	1.65	1.65	81.38	1	1	2	98.12	nonToxic
ZnO	115	360	-10	14.4	-3.608	-3.89	-7.2	5.67	HONDC	Normal	24	30	662.44	2.703	1.65	1.65	1.65	81.38	1	1	2	20.14	Toxic
ZnO	115	360	-10	14.4	-3.608	-3.89	-7.2	5.67	HONDC	Normal	24	50	662.44	2.703	1.65	1.65	1.65	81.38	1	1	2	-1.43	Toxic
ZnO	115	360	-10	14.4	-3.608	-3.89	-7.2	5.67	HONDC	Normal	24	80	662.44	2.703	1.65	1.65	1.65	81.38	1	1	2	2.877	Toxic
ZnO	115	500	-9	14.5	-3.608	-3.89	-7.2	5.67	HONDC	Normal	24	10	662.44	2.703	1.65	1.65	1.65	81.38	1	1	2	106.76	nonToxic
ZnO	115	500	-9	14.5	-3.608	-3.89	-7.2	5.67	HONDC	Normal	24	20	662.44	2.703	1.65	1.65	1.65	81.38	1	1	2	101.58	nonToxic
ZnO	115	500	-9	14.5	-3.608	-3.89	-7.2	5.67	HONDC	Normal	24	30	662.44	2.703	1.65	1.65	1.65	81.38	1	1	2	26.76	Toxic
ZnO	115	500	-9	14.5	-3.608	-3.89	-7.2	5.67	HONDC	Normal	24	50	662.44	2.703	1.65	1.65	1.65	81.38	1	1	2	1.438	Toxic
ZnO	115	500	-9	14.5	-3.608	-3.89	-7.2	5.67	HONDC	Normal	24	80	662.44	2.703	1.65	1.65	1.65	81.38	1	1	2	1.35	Toxic
ZnO	60	329	-9.3	7.34	-3.608	-3.89	-7.2	5.67	A549	Cancer	24	0.00001	662.44	2.703	1.65	1.65	1.65	81.38	1	1	2	100	nonToxic
ZnO	60	329	-9.3	7.34	-3.608	-3.89	-7.2	5.67	A549	Cancer	24	5	662.44	2.703	1.65	1.65	1.65	81.38	1	1	2	97.2081	nonToxic
ZnO	60	329	-9.3	7.34	-3.608	-3.89	-7.2	5.67	A549	Cancer	24	10	662.44	2.703	1.65	1.65	1.65	81.38	1	1	2	99.3638	nonToxic
ZnO	60	329	-9.3	7.34	-3.608	-3.89	-7.2	5.67	A549	Cancer	24	20	662.44	2.703	1.65	1.65	1.65	81.38	1	1	2	79.7573	nonToxic
ZnO	60	329	-9.3	7.34	-3.608	-3.89	-7.2	5.67	A549	Cancer	24	40	662.44	2.703	1.65	1.65	1.65	81.38	1	1	2	31.6136	Toxic
ZnO	60	329	-9.3	7.34	-3.608	-3.89	-7.2	5.67	A549	Cancer	24	80	662.44	2.703	1.65	1.65	1.65	81.38	1	1	2	15.2919	Toxic
ZnO	60	320	-7.5	7.34	-3.608	-3.89	-7.2	5.67	A549	Cancer	24	0.00001	662.44	2.703	1.65	1.65	1.65	81.38	1	1	2	100	nonToxic
ZnO	60	320	-7.5	7.34	-3.608	-3.89	-7.2	5.67	A549	Cancer	24	5	662.44	2.703	1.65	1.65	1.65	81.38	1	1	2	99.0558	nonToxic
ZnO	60	320	-7.5	7.34	-3.608	-3.89	-7.2	5.67	A549	Cancer	24	10	662.44	2.703	1.65	1.65	1.65	81.38	1	1	2	91.6649	nonToxic
ZnO	60	320	-7.5	7.34	-3.608	-3.89	-7.2	5.67	A549	Cancer	24	20	662.44	2.703	1.65	1.65	1.65	81.38	1	1	2	38.9018	Toxic
ZnO	60	320	-7.5	7.34	-3.608	-3.89	-7.2	5.67	A549	Cancer	24	40	662.44	2.703	1.65	1.65	1.65	81.38	1	1	2	23.9147	Toxic
ZnO	60	320	-7.5	7.34	-3.608	-3.89	-7.2	5.67	A549	Cancer	24	80	662.44	2.703	1.65	1.65	1.65	81.38	1	1	2	10.8779	Toxic
ZnO	60	936	-2.4	7.34	-3.608	-3.89	-7.2	5.67	A549	Cancer	24	0.00001	662.44	2.703	1.65	1.65	1.65	81.38	1	1	2	100	nonToxic
ZnO	60	936	-2.4	7.34	-3.608	-3.89	-7.2	5.67	A549	Cancer	24	5	662.44	2.703	1.65	1.65	1.65	81.38	1	1	2	97.6187	nonToxic
ZnO	60	936	-2.4	7.34	-3.608	-3.89	-7.2	5.67	A549	Cancer	24	10	662.44	2.703	1.65	1.65	1.65	81.38	1	1	2	81.297	nonToxic
ZnO	60	936	-2.4	7.34	-3.608	-3.89	-7.2	5.67	A549	Cancer	24	20	662.44	2.703	1.65	1.65	1.65	81.38	1	1	2	23.4014	Toxic
ZnO	60	936	-2.4	7.34	-3.608	-3.89	-7.2	5.67	A549	Cancer	24	40	662.44	2.703	1.65	1.65	1.65	81.38	1	1	2	9.8514	Toxic
ZnO	60	936	-2.4	7.34	-3.608	-3.89	-7.2	5.67	A549	Cancer	24	80	662.44	2.703	1.65	1.65	1.65	81.38	1	1	2	10.9805	Toxic
ZnO	100	273.4	-11.7	20	-3.608	-3.89	-7.2	5.67	SHSY5Y	Cancer	48	0.00001	662.44	2.703	1.65	1.65	1.65	81.38	1	1	2	100.2654	nonToxic
ZnO	100	273.4	-11.7	20	-3.608	-3.89	-7.2	5.67	SHSY5Y	Cancer	48	10	662.44	2.703	1.65	1.65	1.65	81.38	1	1	2	96.4053	nonToxic
ZnO	100	273.4	-11.7	20	-3.608	-3.89	-7.2	5.67	SHSY5Y	Cancer	48	15	662.44	2.703	1.65	1.65	1.65	81.38	1	1	2	100.5549	nonToxic
ZnO	100	273.4	-11.7	20	-3.608	-3.89	-7.2	5.67	SHSY5Y	Cancer	48	20	662.44	2.703	1.65	1.65	1.65	81.38	1	1	2	82.0748	nonToxic
ZnO	100	273.4	-11.7	20	-3.608	-3.89	-7.2	5.67	SHSY5Y	Cancer	48	25	662.44	2.703	1.65	1.65	1.65	81.38	1	1	2	63.3293	nonToxic
ZnO	100	273.4	-11.7	20	-3.608	-3.89	-7.2	5.67	SHSY5Y	Cancer	48	30	662.44	2.703	1.65	1.65	1.65	81.38	1	1	2	60.0724	nonToxic
ZnO	100	273.4	-11.7	20	-3.608	-3.89	-7.2	5.67	SHSY5Y	Cancer	48	35	662.44	2.703	1.65	1.65	1.65	81.38	1	1	2	59.6381	nonToxic
ZnO	100	273.4	-11.7	20	-3.608	-3.89	-7.2	5.67	SHSY5Y	Cancer	48	40	662.44	2.703	1.65	1.65	1.65	81.38	1	1	2	63.9807	nonToxic
ZnO	100	273.4	-11.7	20	-3.608	-3.89	-7.2	5.67	SHSY5Y	Cancer	48	80	662.44	2.703	1.65	1.65	1.65	81.38	1	1	2	55.6333	nonToxic
ZnO	100	273.4	-11.7	20	-3.608	-3.89	-7.2	5.67	SHSY5Y	Cancer	24	0.00001	662.44	2.703	1.65	1.65	1.65	81.38	1	1	2	100.4584	nonToxic
ZnO	100	273.4	-11.7	20	-3.608	-3.89	-7.2	5.67	SHSY5Y	Cancer	24	10	662.44	2.703	1.65	1.65	1.65	81.38	1	1	2	105.4524	nonToxic
ZnO	100	273.4	-11.7	20	-3.608	-3.89	-7.2	5.67	SHSY5Y	Cancer	24	15	662.44	2.703	1.65	1.65	1.65	81.38	1	1	2	100.6755	nonToxic
ZnO	100	273.4	-11.7	20	-3.608	-3.89	-7.2	5.67	SHSY5Y	Cancer	24	20	662.44	2.703	1.65	1.65	1.65	81.38	1	1	2	93.2207	nonToxic
ZnO	100	273.4	-11.7	20	-3.608	-3.89	-7.2	5.67	SHSY5Y	Cancer	24	25	662.44	2.703	1.65	1.65	1.65	81.38	1	1	2	75.8987	nonToxic
ZnO	100	273.4	-11.7	20	-3.608	-3.89	-7.2	5.67	SHSY5Y	Cancer	24	30	662.44	2.703	1.65	1.65	1.65	81.38	1	1	2	71.2666	nonToxic
ZnO	100	273.4	-11.7	20	-3.608	-3.89	-7.2	5.67	SHSY5Y	Cancer	24	35	662.44	2.703	1.65	1.65	1.65	81.38	1	1	2	69.5296	nonToxic
ZnO	100	273.4	-11.7	20	-3.608	-3.89	-7.2	5.67	SHSY5Y	Cancer	24	40	662.44	2.703	1.65	1.65	1.65	81.38	1	1	2	69.9156	nonToxic
ZnO	100	273.4	-11.7	20	-3.608	-3.89	-7.2	5.67	SHSY5Y	Cancer	24	80	662.44	2.703	1.65	1.65	1.65	81.38	1	1	2	49.9397	Toxic
ZnO	100	273.4	-11.7	20	-3.608	-3.89	-7.2	5.67	SHSY5Y	Cancer	6	0.00001	662.44	2.703	1.65	1.65	1.65	81.38	1	1	2	100.6514	nonToxic
ZnO	100	273.4	-11.7	20	-3.608	-3.89	-7.2	5.67	SHSY5Y	Cancer	6	10	662.44	2.703	1.65	1.65	1.65	81.38	1	1	2	104.994	nonToxic
ZnO	100	273.4	-11.7	20	-3.608	-3.89	-7.2	5.67	SHSY5Y	Cancer	6	15	662.44	2.703	1.65	1.65	1.65	81.38	1	1	2	101.0374	nonToxic
ZnO	100	273.4	-11.7	20	-3.608	-3.89	-7.2	5.67	SHSY5Y	Cancer	6	20	662.44	2.703	1.65	1.65	1.65	81.38	1	1	2	105.38	nonToxic
ZnO	100	273.4	-11.7	20	-3.608	-3.89	-7.2	5.67	SHSY5Y	Cancer	6	25	662.44	2.703	1.65	1.65	1.65	81.38	1	1	2	76.6224	nonToxic
ZnO	100	273.4	-11.7	20	-3.608	-3.89	-7.2	5.67	SHSY5Y	Cancer	6	30	662.44	2.703	1.65	1.65	1.65	81.38	1	1	2	59.8311	nonToxic
ZnO	100	273.4	-11.7	20	-3.608	-3.89	-7.2	5.67	SHSY5Y	Cancer	6	35	662.44	2.703	1.65	1.65	1.65	81.38	1	1	2	55.9711	nonToxic
ZnO	100	273.4	-11.7	20	-3.608	-3.89	-7.2	5.67	SHSY5Y	Cancer	6	40	662.44	2.703	1.65	1.65	1.65	81.38	1	1	2	53.6309	nonToxic
ZnO	100	273.4	-11.7	20	-3.608	-3.89	-7.2	5.67	SHSY5Y	Cancer	6	80	662.44	2.703	1.65	1.65	1.65	81.38	1	1	2	60.2171	nonToxic
ZnO	100	273.4	-11.7	20	-3.608	-3.89	-7.2	5.67	SHSY5Y	Cancer	3	0.00001	662.44	2.703	1.65	1.65	1.65	81.38	1	1	2	100.5066	nonToxic
ZnO	100	273.4	-11.7	20	-3.608	-3.89	-7.2	5.67	SHSY5Y	Cancer	3	10	662.44	2.703	1.65	1.65	1.65	81.38	1	1	2	101.9783	nonToxic
ZnO	100	273.4	-11.7	20	-3.608	-3.89	-7.2	5.67	SHSY5Y	Cancer	3	15	662.44	2.703	1.65	1.65	1.65	81.38	1	1	2	92.5694	nonToxic
ZnO	100	273.4	-11.7	20	-3.608	-3.89	-7.2	5.67	SHSY5Y	Cancer	3	20	662.44	2.703	1.65	1.65	1.65	81.38	1	1	2	86.4897	nonToxic
ZnO	100	273.4	-11.7	20	-3.608	-3.89	-7.2	5.67	SHSY5Y	Cancer	3	25	662.44	2.703	1.65	1.65	1.65	81.38	1	1	2	64.994	nonToxic
ZnO	100	273.4	-11.7	20	-3.608	-3.89	-7.2	5.67	SHSY5Y	Cancer	3	30	662.44	2.703	1.65	1.65	1.65	81.38	1	1	2	57.0808	nonToxic
ZnO	100	273.4	-11.7	20	-3.608	-3.89	-7.2	5.67	SHSY5Y	Cancer	3	35	662.44	2.703	1.65	1.65	1.65	81.38	1	1	2	57.0326	nonToxic
ZnO	100	273.4	-11.7	20	-3.608	-3.89	-7.2	5.67	SHSY5Y	Cancer	3	40	662.44	2.703	1.65	1.65	1.65	81.38	1	1	2	50.2292	nonToxic
ZnO	100	273.4	-11.7	20	-3.608	-3.89	-7.2	5.67	SHSY5Y	Cancer	3	80	662.44	2.703	1.65	1.65	1.65	81.38	1	1	2	61.7732	nonToxic
ZnO	100	273.4	-11.7	20	-3.608	-3.89	-7.2	5.67	SHSY5Y	Cancer	48	0.00001	662.44	2.703	1.65	1.65	1.65	81.38	1	1	2	100.1351	nonToxic
ZnO	100	273.4	-11.7	20	-3.608	-3.89	-7.2	5.67	SHSY5Y	Cancer	48	10	662.44	2.703	1.65	1.65	1.65	81.38	1	1	2	77.2072	nonToxic
ZnO	100	273.4	-11.7	20	-3.608	-3.89	-7.2	5.67	SHSY5Y	Cancer	48	15	662.44	2.703	1.65	1.65	1.65	81.38	1	1	2	71.6667	nonToxic
ZnO	100	273.4	-11.7	20	-3.608	-3.89	-7.2	5.67	SHSY5Y	Cancer	48	20	662.44	2.703	1.65	1.65	1.65	81.38	1	1	2	55.8446	nonToxic
ZnO	100	273.4	-11.7	20	-3.608	-3.89	-7.2	5.67	SHSY5Y	Cancer	48	25	662.44	2.703	1.65	1.65	1.65	81.38	1	1	2	9.8311	Toxic
ZnO	100	273.4	-11.7	20	-3.608	-3.89	-7.2	5.67	SHSY5Y	Cancer	48	30	662.44	2.703	1.65	1.65	1.65	81.38	1	1	2	8.5811	Toxic
ZnO	100	273.4	-11.7	20	-3.608	-3.89	-7.2	5.67	SHSY5Y	Cancer	48	35	662.44	2.703	1.65	1.65	1.65	81.38	1	1	2	7.2973	Toxic
ZnO	100	273.4	-11.7	20	-3.608	-3.89	-7.2	5.67	SHSY5Y	Cancer	48	40	662.44	2.703	1.65	1.65	1.65	81.38	1	1	2	7.0721	Toxic
ZnO	100	273.4	-11.7	20	-3.608	-3.89	-7.2	5.67	SHSY5Y	Cancer	24	0.00001	662.44	2.703	1.65	1.65	1.65	81.38	1	1	2	100.1126	nonToxic
ZnO	100	273.4	-11.7	20	-3.608	-3.89	-7.2	5.67	SHSY5Y	Cancer	24	10	662.44	2.703	1.65	1.65	1.65	81.38	1	1	2	79.8649	nonToxic
ZnO	100	273.4	-11.7	20	-3.608	-3.89	-7.2	5.67	SHSY5Y	Cancer	24	15	662.44	2.703	1.65	1.65	1.65	81.38	1	1	2	80.4054	nonToxic
ZnO	100	273.4	-11.7	20	-3.608	-3.89	-7.2	5.67	SHSY5Y	Cancer	24	20	662.44	2.703	1.65	1.65	1.65	81.38	1	1	2	73.0405	nonToxic
ZnO	100	273.4	-11.7	20	-3.608	-3.89	-7.2	5.67	SHSY5Y	Cancer	24	25	662.44	2.703	1.65	1.65	1.65	81.38	1	1	2	15.1351	Toxic
ZnO	100	273.4	-11.7	20	-3.608	-3.89	-7.2	5.67	SHSY5Y	Cancer	24	30	662.44	2.703	1.65	1.65	1.65	81.38	1	1	2	11.7568	Toxic
ZnO	100	273.4	-11.7	20	-3.608	-3.89	-7.2	5.67	SHSY5Y	Cancer	24	35	662.44	2.703	1.65	1.65	1.65	81.38	1	1	2	9.7973	Toxic
ZnO	100	273.4	-11.7	20	-3.608	-3.89	-7.2	5.67	SHSY5Y	Cancer	24	40	662.44	2.703	1.65	1.65	1.65	81.38	1	1	2	8.8514	Toxic
ZnO	100	273.4	-11.7	20	-3.608	-3.89	-7.2	5.67	SHSY5Y	Cancer	24	80	662.44	2.703	1.65	1.65	1.65	81.38	1	1	2	-3.8739	Toxic
ZnO	100	273.4	-11.7	20	-3.608	-3.89	-7.2	5.67	SHSY5Y	Cancer	6	0.00001	662.44	2.703	1.65	1.65	1.65	81.38	1	1	2	100.2027	nonToxic
ZnO	100	273.4	-11.7	20	-3.608	-3.89	-7.2	5.67	SHSY5Y	Cancer	6	10	662.44	2.703	1.65	1.65	1.65	81.38	1	1	2	95.6081	nonToxic
ZnO	100	273.4	-11.7	20	-3.608	-3.89	-7.2	5.67	SHSY5Y	Cancer	6	15	662.44	2.703	1.65	1.65	1.65	81.38	1	1	2	86.2162	nonToxic
ZnO	100	273.4	-11.7	20	-3.608	-3.89	-7.2	5.67	SHSY5Y	Cancer	6	20	662.44	2.703	1.65	1.65	1.65	81.38	1	1	2	81.0811	nonToxic
ZnO	100	273.4	-11.7	20	-3.608	-3.89	-7.2	5.67	SHSY5Y	Cancer	6	25	662.44	2.703	1.65	1.65	1.65	81.38	1	1	2	72.3649	nonToxic
ZnO	100	273.4	-11.7	20	-3.608	-3.89	-7.2	5.67	SHSY5Y	Cancer	6	30	662.44	2.703	1.65	1.65	1.65	81.38	1	1	2	68.0405	nonToxic
ZnO	100	273.4	-11.7	20	-3.608	-3.89	-7.2	5.67	SHSY5Y	Cancer	6	35	662.44	2.703	1.65	1.65	1.65	81.38	1	1	2	60.7432	nonToxic
ZnO	100	273.4	-11.7	20	-3.608	-3.89	-7.2	5.67	SHSY5Y	Cancer	6	40	662.44	2.703	1.65	1.65	1.65	81.38	1	1	2	56.6892	nonToxic
ZnO	100	273.4	-11.7	20	-3.608	-3.89	-7.2	5.67	SHSY5Y	Cancer	6	80	662.44	2.703	1.65	1.65	1.65	81.38	1	1	2	30	Toxic
ZnO	100	273.4	-11.7	20	-3.608	-3.89	-7.2	5.67	SHSY5Y	Cancer	3	0.00001	662.44	2.703	1.65	1.65	1.65	81.38	1	1	2	100.2703	nonToxic
ZnO	100	273.4	-11.7	20	-3.608	-3.89	-7.2	5.67	SHSY5Y	Cancer	3	10	662.44	2.703	1.65	1.65	1.65	81.38	1	1	2	97.3649	nonToxic
ZnO	100	273.4	-11.7	20	-3.608	-3.89	-7.2	5.67	SHSY5Y	Cancer	3	15	662.44	2.703	1.65	1.65	1.65	81.38	1	1	2	90.8784	nonToxic
ZnO	100	273.4	-11.7	20	-3.608	-3.89	-7.2	5.67	SHSY5Y	Cancer	3	20	662.44	2.703	1.65	1.65	1.65	81.38	1	1	2	89.6622	nonToxic
ZnO	100	273.4	-11.7	20	-3.608	-3.89	-7.2	5.67	SHSY5Y	Cancer	3	25	662.44	2.703	1.65	1.65	1.65	81.38	1	1	2	76.8018	nonToxic
ZnO	100	273.4	-11.7	20	-3.608	-3.89	-7.2	5.67	SHSY5Y	Cancer	3	30	662.44	2.703	1.65	1.65	1.65	81.38	1	1	2	71.036	nonToxic
ZnO	100	273.4	-11.7	20	-3.608	-3.89	-7.2	5.67	SHSY5Y	Cancer	3	35	662.44	2.703	1.65	1.65	1.65	81.38	1	1	2	64.6396	nonToxic
ZnO	100	273.4	-11.7	20	-3.608	-3.89	-7.2	5.67	SHSY5Y	Cancer	3	40	662.44	2.703	1.65	1.65	1.65	81.38	1	1	2	61.6667	nonToxic
ZnO	100	273.4	-11.7	20	-3.608	-3.89	-7.2	5.67	SHSY5Y	Cancer	3	80	662.44	2.703	1.65	1.65	1.65	81.38	1	1	2	48.2432	Toxic
ZnO	86	687	31.3	7	-3.608	-3.89	-7.2	5.67	A549	Cancer	72	0.00001	662.44	2.703	1.65	1.65	1.65	81.38	1	1	2	101.5007	nonToxic
ZnO	86	687	31.3	7	-3.608	-3.89	-7.2	5.67	A549	Cancer	72	1.56	662.44	2.703	1.65	1.65	1.65	81.38	1	1	2	91.678	nonToxic
ZnO	86	687	31.3	7	-3.608	-3.89	-7.2	5.67	A549	Cancer	72	3.13	662.44	2.703	1.65	1.65	1.65	81.38	1	1	2	87.4215	nonToxic
ZnO	86	687	31.3	7	-3.608	-3.89	-7.2	5.67	A549	Cancer	72	6.25	662.44	2.703	1.65	1.65	1.65	81.38	1	1	2	67.94	nonToxic
ZnO	86	687	31.3	7	-3.608	-3.89	-7.2	5.67	A549	Cancer	72	12.5	662.44	2.703	1.65	1.65	1.65	81.38	1	1	2	4.7476	Toxic
ZnO	86	687	31.3	7	-3.608	-3.89	-7.2	5.67	A549	Cancer	72	25	662.44	2.703	1.65	1.65	1.65	81.38	1	1	2	2.292	Toxic
ZnO	86	687	31.3	7	-3.608	-3.89	-7.2	5.67	A549	Cancer	72	50	662.44	2.703	1.65	1.65	1.65	81.38	1	1	2	7.367	Toxic
ZnO	86	687	31.3	7	-3.608	-3.89	-7.2	5.67	A549	Cancer	24	0.00001	662.44	2.703	1.65	1.65	1.65	81.38	1	1	2	101.3115	nonToxic
ZnO	86	687	31.3	7	-3.608	-3.89	-7.2	5.67	A549	Cancer	24	1.56	662.44	2.703	1.65	1.65	1.65	81.38	1	1	2	98.0328	nonToxic
ZnO	86	687	31.3	7	-3.608	-3.89	-7.2	5.67	A549	Cancer	24	3.13	662.44	2.703	1.65	1.65	1.65	81.38	1	1	2	86.7213	nonToxic
ZnO	86	687	31.3	7	-3.608	-3.89	-7.2	5.67	A549	Cancer	24	6.25	662.44	2.703	1.65	1.65	1.65	81.38	1	1	2	78.8525	nonToxic
ZnO	86	687	31.3	7	-3.608	-3.89	-7.2	5.67	A549	Cancer	24	12.5	662.44	2.703	1.65	1.65	1.65	81.38	1	1	2	25.082	Toxic
ZnO	86	687	31.3	7	-3.608	-3.89	-7.2	5.67	A549	Cancer	24	25	662.44	2.703	1.65	1.65	1.65	81.38	1	1	2	5.2459	Toxic
ZnO	86	687	31.3	7	-3.608	-3.89	-7.2	5.67	A549	Cancer	24	50	662.44	2.703	1.65	1.65	1.65	81.38	1	1	2	8.6066	Toxic
ZnO	86	687	31.3	7	-3.608	-3.89	-7.2	5.67	A549	Cancer	12	0.00001	662.44	2.703	1.65	1.65	1.65	81.38	1	1	2	101.3115	nonToxic
ZnO	86	687	31.3	7	-3.608	-3.89	-7.2	5.67	A549	Cancer	12	1.56	662.44	2.703	1.65	1.65	1.65	81.38	1	1	2	111.3115	nonToxic
ZnO	86	687	31.3	7	-3.608	-3.89	-7.2	5.67	A549	Cancer	12	3.13	662.44	2.703	1.65	1.65	1.65	81.38	1	1	2	91.3115	nonToxic
ZnO	86	687	31.3	7	-3.608	-3.89	-7.2	5.67	A549	Cancer	12	6.25	662.44	2.703	1.65	1.65	1.65	81.38	1	1	2	88.0328	nonToxic
ZnO	86	687	31.3	7	-3.608	-3.89	-7.2	5.67	A549	Cancer	12	12.5	662.44	2.703	1.65	1.65	1.65	81.38	1	1	2	89.0164	nonToxic
ZnO	86	687	31.3	7	-3.608	-3.89	-7.2	5.67	A549	Cancer	12	25	662.44	2.703	1.65	1.65	1.65	81.38	1	1	2	55.9016	nonToxic
ZnO	86	687	31.3	7	-3.608	-3.89	-7.2	5.67	A549	Cancer	12	50	662.44	2.703	1.65	1.65	1.65	81.38	1	1	2	51.9672	nonToxic
ZnO	52	640	29.4	15	-3.608	-3.89	-7.2	5.67	A549	Cancer	72	0.00001	662.44	2.703	1.65	1.65	1.65	81.38	1	1	2	101.337	nonToxic
ZnO	52	640	29.4	15	-3.608	-3.89	-7.2	5.67	A549	Cancer	72	1.56	662.44	2.703	1.65	1.65	1.65	81.38	1	1	2	85.457	nonToxic
ZnO	52	640	29.4	15	-3.608	-3.89	-7.2	5.67	A549	Cancer	72	3.13	662.44	2.703	1.65	1.65	1.65	81.38	1	1	2	83.8199	nonToxic
ZnO	52	640	29.4	15	-3.608	-3.89	-7.2	5.67	A549	Cancer	72	6.25	662.44	2.703	1.65	1.65	1.65	81.38	1	1	2	64.0109	nonToxic
ZnO	52	640	29.4	15	-3.608	-3.89	-7.2	5.67	A549	Cancer	72	12.5	662.44	2.703	1.65	1.65	1.65	81.38	1	1	2	2.4557	Toxic
ZnO	52	640	29.4	15	-3.608	-3.89	-7.2	5.67	A549	Cancer	72	25	662.44	2.703	1.65	1.65	1.65	81.38	1	1	2	1.9645	Toxic
ZnO	52	640	29.4	15	-3.608	-3.89	-7.2	5.67	A549	Cancer	72	50	662.44	2.703	1.65	1.65	1.65	81.38	1	1	2	4.2565	Toxic
ZnO	52	640	29.4	15	-3.608	-3.89	-7.2	5.67	A549	Cancer	24	0.00001	662.44	2.703	1.65	1.65	1.65	81.38	1	1	2	101.3115	nonToxic
ZnO	52	640	29.4	15	-3.608	-3.89	-7.2	5.67	A549	Cancer	24	1.56	662.44	2.703	1.65	1.65	1.65	81.38	1	1	2	99.1803	nonToxic
ZnO	52	640	29.4	15	-3.608	-3.89	-7.2	5.67	A549	Cancer	24	3.13	662.44	2.703	1.65	1.65	1.65	81.38	1	1	2	88.6885	nonToxic
ZnO	52	640	29.4	15	-3.608	-3.89	-7.2	5.67	A549	Cancer	24	6.25	662.44	2.703	1.65	1.65	1.65	81.38	1	1	2	81.4754	nonToxic
ZnO	52	640	29.4	15	-3.608	-3.89	-7.2	5.67	A549	Cancer	24	12.5	662.44	2.703	1.65	1.65	1.65	81.38	1	1	2	17.8688	Toxic
ZnO	52	640	29.4	15	-3.608	-3.89	-7.2	5.67	A549	Cancer	24	25	662.44	2.703	1.65	1.65	1.65	81.38	1	1	2	4.7541	Toxic
ZnO	52	640	29.4	15	-3.608	-3.89	-7.2	5.67	A549	Cancer	24	50	662.44	2.703	1.65	1.65	1.65	81.38	1	1	2	4.4262	Toxic
ZnO	52	640	29.4	15	-3.608	-3.89	-7.2	5.67	A549	Cancer	12	0.00001	662.44	2.703	1.65	1.65	1.65	81.38	1	1	2	101.1475	nonToxic
ZnO	52	640	29.4	15	-3.608	-3.89	-7.2	5.67	A549	Cancer	12	1.56	662.44	2.703	1.65	1.65	1.65	81.38	1	1	2	111.2295	nonToxic
ZnO	52	640	29.4	15	-3.608	-3.89	-7.2	5.67	A549	Cancer	12	3.13	662.44	2.703	1.65	1.65	1.65	81.38	1	1	2	106.3115	nonToxic
ZnO	52	640	29.4	15	-3.608	-3.89	-7.2	5.67	A549	Cancer	12	6.25	662.44	2.703	1.65	1.65	1.65	81.38	1	1	2	106.5574	nonToxic
ZnO	52	640	29.4	15	-3.608	-3.89	-7.2	5.67	A549	Cancer	12	12.5	662.44	2.703	1.65	1.65	1.65	81.38	1	1	2	73.4426	nonToxic
ZnO	52	640	29.4	15	-3.608	-3.89	-7.2	5.67	A549	Cancer	12	25	662.44	2.703	1.65	1.65	1.65	81.38	1	1	2	55.6557	nonToxic
ZnO	52	640	29.4	15	-3.608	-3.89	-7.2	5.67	A549	Cancer	12	50	662.44	2.703	1.65	1.65	1.65	81.38	1	1	2	54.5902	nonToxic
ZnO	7.5	795	27.4	90	-3.608	-3.89	-7.2	5.67	A549	Cancer	72	0.00001	662.44	2.703	1.65	1.65	1.65	81.38	1	1	2	101.4501	nonToxic
ZnO	7.5	795	27.4	90	-3.608	-3.89	-7.2	5.67	A549	Cancer	72	1.56	662.44	2.703	1.65	1.65	1.65	81.38	1	1	2	78.3037	nonToxic
ZnO	7.5	795	27.4	90	-3.608	-3.89	-7.2	5.67	A549	Cancer	72	3.13	662.44	2.703	1.65	1.65	1.65	81.38	1	1	2	68.7825	nonToxic
ZnO	7.5	795	27.4	90	-3.608	-3.89	-7.2	5.67	A549	Cancer	72	6.25	662.44	2.703	1.65	1.65	1.65	81.38	1	1	2	58.6046	nonToxic
ZnO	7.5	795	27.4	90	-3.608	-3.89	-7.2	5.67	A549	Cancer	72	12.5	662.44	2.703	1.65	1.65	1.65	81.38	1	1	2	34.6375	Toxic
ZnO	7.5	795	27.4	90	-3.608	-3.89	-7.2	5.67	A549	Cancer	72	25	662.44	2.703	1.65	1.65	1.65	81.38	1	1	2	1.4364	Toxic
ZnO	7.5	795	27.4	90	-3.608	-3.89	-7.2	5.67	A549	Cancer	72	50	662.44	2.703	1.65	1.65	1.65	81.38	1	1	2	3.2832	Toxic
ZnO	7.5	795	27.4	90	-3.608	-3.89	-7.2	5.67	A549	Cancer	24	0.00001	662.44	2.703	1.65	1.65	1.65	81.38	1	1	2	101.6644	nonToxic
ZnO	7.5	795	27.4	90	-3.608	-3.89	-7.2	5.67	A549	Cancer	24	1.56	662.44	2.703	1.65	1.65	1.65	81.38	1	1	2	99.3724	nonToxic
ZnO	7.5	795	27.4	90	-3.608	-3.89	-7.2	5.67	A549	Cancer	24	3.13	662.44	2.703	1.65	1.65	1.65	81.38	1	1	2	90.8595	nonToxic
ZnO	7.5	795	27.4	90	-3.608	-3.89	-7.2	5.67	A549	Cancer	24	6.25	662.44	2.703	1.65	1.65	1.65	81.38	1	1	2	78.7449	nonToxic
ZnO	7.5	795	27.4	90	-3.608	-3.89	-7.2	5.67	A549	Cancer	24	12.5	662.44	2.703	1.65	1.65	1.65	81.38	1	1	2	63.8472	nonToxic
ZnO	7.5	795	27.4	90	-3.608	-3.89	-7.2	5.67	A549	Cancer	24	25	662.44	2.703	1.65	1.65	1.65	81.38	1	1	2	15.5525	Toxic
ZnO	7.5	795	27.4	90	-3.608	-3.89	-7.2	5.67	A549	Cancer	24	50	662.44	2.703	1.65	1.65	1.65	81.38	1	1	2	2.292	Toxic
ZnO	7.5	795	27.4	90	-3.608	-3.89	-7.2	5.67	A549	Cancer	12	0.00001	662.44	2.703	1.65	1.65	1.65	81.38	1	1	2	100.9756	nonToxic
ZnO	7.5	795	27.4	90	-3.608	-3.89	-7.2	5.67	A549	Cancer	12	1.56	662.44	2.703	1.65	1.65	1.65	81.38	1	1	2	99.8374	nonToxic
ZnO	7.5	795	27.4	90	-3.608	-3.89	-7.2	5.67	A549	Cancer	12	3.13	662.44	2.703	1.65	1.65	1.65	81.38	1	1	2	84.878	nonToxic
ZnO	7.5	795	27.4	90	-3.608	-3.89	-7.2	5.67	A549	Cancer	12	6.25	662.44	2.703	1.65	1.65	1.65	81.38	1	1	2	84.065	nonToxic
ZnO	7.5	795	27.4	90	-3.608	-3.89	-7.2	5.67	A549	Cancer	12	12.5	662.44	2.703	1.65	1.65	1.65	81.38	1	1	2	79.187	nonToxic
ZnO	7.5	795	27.4	90	-3.608	-3.89	-7.2	5.67	A549	Cancer	12	25	662.44	2.703	1.65	1.65	1.65	81.38	1	1	2	35.6098	Toxic
ZnO	7.5	795	27.4	90	-3.608	-3.89	-7.2	5.67	A549	Cancer	12	50	662.44	2.703	1.65	1.65	1.65	81.38	1	1	2	21.626	Toxic
ZnO	32	1093	21.6	37	-3.608	-3.89	-7.2	5.67	A549	Cancer	72	0.00001	662.44	2.703	1.65	1.65	1.65	81.38	1	1	2	102.2896	nonToxic
ZnO	32	1093	21.6	37	-3.608	-3.89	-7.2	5.67	A549	Cancer	72	1.56	662.44	2.703	1.65	1.65	1.65	81.38	1	1	2	80.6069	nonToxic
ZnO	32	1093	21.6	37	-3.608	-3.89	-7.2	5.67	A549	Cancer	72	3.13	662.44	2.703	1.65	1.65	1.65	81.38	1	1	2	72	nonToxic
ZnO	32	1093	21.6	37	-3.608	-3.89	-7.2	5.67	A549	Cancer	72	6.25	662.44	2.703	1.65	1.65	1.65	81.38	1	1	2	69.3517	nonToxic
ZnO	32	1093	21.6	37	-3.608	-3.89	-7.2	5.67	A549	Cancer	72	12.5	662.44	2.703	1.65	1.65	1.65	81.38	1	1	2	11.7517	Toxic
ZnO	32	1093	21.6	37	-3.608	-3.89	-7.2	5.67	A549	Cancer	72	25	662.44	2.703	1.65	1.65	1.65	81.38	1	1	2	3.5586	Toxic
ZnO	32	1093	21.6	37	-3.608	-3.89	-7.2	5.67	A549	Cancer	72	50	662.44	2.703	1.65	1.65	1.65	81.38	1	1	2	4.3035	Toxic
ZnO	32	1093	21.6	37	-3.608	-3.89	-7.2	5.67	A549	Cancer	24	0.00001	662.44	2.703	1.65	1.65	1.65	81.38	1	1	2	101.4433	nonToxic
ZnO	32	1093	21.6	37	-3.608	-3.89	-7.2	5.67	A549	Cancer	24	1.56	662.44	2.703	1.65	1.65	1.65	81.38	1	1	2	88.0825	nonToxic
ZnO	32	1093	21.6	37	-3.608	-3.89	-7.2	5.67	A549	Cancer	24	3.13	662.44	2.703	1.65	1.65	1.65	81.38	1	1	2	80.6598	nonToxic
ZnO	32	1093	21.6	37	-3.608	-3.89	-7.2	5.67	A549	Cancer	24	6.25	662.44	2.703	1.65	1.65	1.65	81.38	1	1	2	79.4227	nonToxic
ZnO	32	1093	21.6	37	-3.608	-3.89	-7.2	5.67	A549	Cancer	24	12.5	662.44	2.703	1.65	1.65	1.65	81.38	1	1	2	76.4536	nonToxic
ZnO	32	1093	21.6	37	-3.608	-3.89	-7.2	5.67	A549	Cancer	24	25	662.44	2.703	1.65	1.65	1.65	81.38	1	1	2	45.2784	Toxic
ZnO	32	1093	21.6	37	-3.608	-3.89	-7.2	5.67	A549	Cancer	24	50	662.44	2.703	1.65	1.65	1.65	81.38	1	1	2	6.6804	Toxic
ZnO	32	1093	21.6	37	-3.608	-3.89	-7.2	5.67	A549	Cancer	12	0.00001	662.44	2.703	1.65	1.65	1.65	81.38	1	1	2	100.8197	nonToxic
ZnO	32	1093	21.6	37	-3.608	-3.89	-7.2	5.67	A549	Cancer	12	1.56	662.44	2.703	1.65	1.65	1.65	81.38	1	1	2	102.2951	nonToxic
ZnO	32	1093	21.6	37	-3.608	-3.89	-7.2	5.67	A549	Cancer	12	3.13	662.44	2.703	1.65	1.65	1.65	81.38	1	1	2	93.4426	nonToxic
ZnO	32	1093	21.6	37	-3.608	-3.89	-7.2	5.67	A549	Cancer	12	6.25	662.44	2.703	1.65	1.65	1.65	81.38	1	1	2	94.918	nonToxic
ZnO	32	1093	21.6	37	-3.608	-3.89	-7.2	5.67	A549	Cancer	12	12.5	662.44	2.703	1.65	1.65	1.65	81.38	1	1	2	98.1148	nonToxic
ZnO	32	1093	21.6	37	-3.608	-3.89	-7.2	5.67	A549	Cancer	12	25	662.44	2.703	1.65	1.65	1.65	81.38	1	1	2	55.8197	nonToxic
ZnO	32	1093	21.6	37	-3.608	-3.89	-7.2	5.67	A549	Cancer	12	50	662.44	2.703	1.65	1.65	1.65	81.38	1	1	2	24.3443	Toxic
ZnO	35.6	295.5	-41.6	27.9	-3.608	-3.89	-7.2	5.67	SW480	Cancer	24	0.1	662.44	2.703	1.65	1.65	1.65	81.38	1	1	2	99.3899	nonToxic
ZnO	35.6	295.5	-41.6	27.9	-3.608	-3.89	-7.2	5.67	SW480	Cancer	24	10	662.44	2.703	1.65	1.65	1.65	81.38	1	1	2	16.6812	Toxic
ZnO	35.6	295.5	-41.6	27.9	-3.608	-3.89	-7.2	5.67	SW480	Cancer	24	100	662.44	2.703	1.65	1.65	1.65	81.38	1	1	2	15.3939	Toxic
ZnO	35.6	295.5	-41.6	27.9	-3.608	-3.89	-7.2	5.67	SW480	Cancer	24	0.1	662.44	2.703	1.65	1.65	1.65	81.38	1	1	2	83.9423	nonToxic
ZnO	35.6	295.5	-41.6	27.9	-3.608	-3.89	-7.2	5.67	SW480	Cancer	24	10	662.44	2.703	1.65	1.65	1.65	81.38	1	1	2	26.3359	Toxic
ZnO	35.6	295.5	-41.6	27.9	-3.608	-3.89	-7.2	5.67	SW480	Cancer	24	100	662.44	2.703	1.65	1.65	1.65	81.38	1	1	2	18.6121	Toxic
ZnO	35.6	236	-41.6	27.9	-3.608	-3.89	-7.2	5.67	Caco2	Cancer	24	0.1	662.44	2.703	1.65	1.65	1.65	81.38	1	1	2	111.7895	nonToxic
ZnO	35.6	236	-41.6	27.9	-3.608	-3.89	-7.2	5.67	Caco2	Cancer	24	1	662.44	2.703	1.65	1.65	1.65	81.38	1	1	2	109.2632	nonToxic
ZnO	35.6	236	-41.6	27.9	-3.608	-3.89	-7.2	5.67	Caco2	Cancer	24	0.1	662.44	2.703	1.65	1.65	1.65	81.38	1	1	2	87.2481	nonToxic
ZnO	35.6	236	-41.6	27.9	-3.608	-3.89	-7.2	5.67	Caco2	Cancer	24	1	662.44	2.703	1.65	1.65	1.65	81.38	1	1	2	65.2331	nonToxic
ZnO	35.6	295.5	-41.6	27.9	-3.608	-3.89	-7.2	5.67	SW480	Cancer	48	0.1	662.44	2.703	1.65	1.65	1.65	81.38	1	1	2	114.2285	nonToxic
ZnO	35.6	295.5	-41.6	27.9	-3.608	-3.89	-7.2	5.67	SW480	Cancer	48	1	662.44	2.703	1.65	1.65	1.65	81.38	1	1	2	107.8156	nonToxic
ZnO	35.6	295.5	-41.6	27.9	-3.608	-3.89	-7.2	5.67	SW480	Cancer	48	10	662.44	2.703	1.65	1.65	1.65	81.38	1	1	2	3.3066	Toxic
ZnO	35.6	295.5	-41.6	27.9	-3.608	-3.89	-7.2	5.67	SW480	Cancer	48	100	662.44	2.703	1.65	1.65	1.65	81.38	1	1	2	4.8096	Toxic
ZnO	35.6	295.5	-41.6	27.9	-3.608	-3.89	-7.2	5.67	SW480	Cancer	24	0.1	662.44	2.703	1.65	1.65	1.65	81.38	1	1	2	102.2712	nonToxic
ZnO	35.6	295.5	-41.6	27.9	-3.608	-3.89	-7.2	5.67	SW480	Cancer	24	10	662.44	2.703	1.65	1.65	1.65	81.38	1	1	2	2.004	Toxic
ZnO	35.6	295.5	-41.6	27.9	-3.608	-3.89	-7.2	5.67	SW480	Cancer	24	100	662.44	2.703	1.65	1.65	1.65	81.38	1	1	2	0.4008	Toxic
ZnO	35.6	236	-41.6	27.9	-3.608	-3.89	-7.2	5.67	Caco2	Cancer	48	0.1	662.44	2.703	1.65	1.65	1.65	81.38	1	1	2	119.2404	nonToxic
ZnO	35.6	236	-41.6	27.9	-3.608	-3.89	-7.2	5.67	Caco2	Cancer	48	1	662.44	2.703	1.65	1.65	1.65	81.38	1	1	2	127.4363	nonToxic
ZnO	35.6	236	-41.6	27.9	-3.608	-3.89	-7.2	5.67	Caco2	Cancer	48	10	662.44	2.703	1.65	1.65	1.65	81.38	1	1	2	116.3751	nonToxic
ZnO	35.6	236	-41.6	27.9	-3.608	-3.89	-7.2	5.67	Caco2	Cancer	48	100	662.44	2.703	1.65	1.65	1.65	81.38	1	1	2	40.8796	Toxic
ZnO	35.6	236	-41.6	27.9	-3.608	-3.89	-7.2	5.67	Caco2	Cancer	24	0.1	662.44	2.703	1.65	1.65	1.65	81.38	1	1	2	86.8566	nonToxic
ZnO	35.6	236	-41.6	27.9	-3.608	-3.89	-7.2	5.67	Caco2	Cancer	24	1	662.44	2.703	1.65	1.65	1.65	81.38	1	1	2	84.4578	nonToxic
